00|75.518.289/5908-84|Empresa Versao2 01 LTDA|(48) 94113-6042
01|NFE|01-0001|2477.39
02|Item 504|372.96
02|Pacote 882|425.08
02|Serviço 148|384.89
02|Peça 721|383.93
02|Produto 835|77.74
02|Assinatura 441|57.06
02|Licença 928|115.26
02|Pacote 676|399.98
02|Componente 765|87.26
02|Produto 189|173.23
01|CTRC|01-0002|2300.50
02|Peça 509|385.79
02|Componente 777|278.85
02|Licença 527|72.51
02|Licença 663|86.38
02|Item 745|295.90
02|Item 566|89.88
02|Item 741|282.01
02|Serviço 520|86.11
02|Pacote 957|247.18
02|Peça 232|475.89
01|NFE|01-0003|2133.23
02|Componente 754|115.57
02|Pacote 645|164.56
02|Produto 127|170.49
02|Licença 026|394.37
02|Serviço 718|479.14
02|Item 401|467.09
02|Licença 330|256.82
02|Assinatura 053|85.19
01|CTRC|01-0004|1603.76
02|Componente 287|96.78
02|Serviço 932|312.59
02|Produto 573|229.95
02|Licença 841|128.59
02|Assinatura 010|65.50
02|Item 251|185.42
02|Pacote 720|244.34
02|Produto 902|340.59
01|NFS|01-0005|1924.09
02|Pacote 639|210.24
02|Componente 632|227.38
02|Item 422|49.00
02|Pacote 458|146.71
02|Assinatura 712|34.25
02|Componente 272|442.44
02|Produto 189|336.92
02|Assinatura 053|477.15
01|CTRC|01-0006|1444.72
02|Peça 876|350.09
02|Licença 755|46.09
02|Produto 349|47.78
02|Componente 305|137.36
02|Item 689|189.84
02|Item 736|373.77
02|Assinatura 662|299.79
01|NFC|01-0007|2032.96
02|Assinatura 630|490.96
02|Peça 886|29.99
02|Produto 256|114.01
02|Item 362|357.91
02|Componente 162|145.67
02|Componente 974|291.44
02|Produto 602|113.32
02|Peça 974|182.22
02|Componente 445|307.44
01|CTRC|01-0008|1974.66
02|Item 218|410.58
02|Licença 776|200.73
02|Produto 495|284.10
02|Componente 973|224.45
02|Produto 046|217.50
02|Assinatura 134|473.71
02|Item 108|163.59
01|CTRC|01-0009|2733.56
02|Serviço 584|292.04
02|Produto 546|16.65
02|Pacote 943|254.08
02|Produto 063|412.34
02|Pacote 815|18.75
02|Pacote 622|496.57
02|Componente 532|308.81
02|Componente 309|307.24
02|Pacote 765|417.85
02|Produto 900|209.23
01|NFC|01-0010|2823.75
02|Peça 644|451.92
02|Produto 675|339.25
02|Assinatura 970|447.61
02|Licença 799|104.84
02|Peça 461|414.72
02|Produto 319|497.48
02|Assinatura 325|373.48
02|Produto 911|194.45
00|58.570.338/2910-06|Empresa Versao2 02 LTDA|(36) 94858-6745
01|NFC|02-0001|2813.71
02|Peça 052|157.88
02|Licença 921|64.98
02|Componente 286|275.08
02|Serviço 043|495.17
02|Pacote 168|493.91
02|Licença 223|449.18
02|Pacote 666|312.59
02|Serviço 512|429.44
02|Serviço 825|135.48
01|NFC|02-0002|2200.52
02|Licença 713|50.32
02|Produto 890|451.04
02|Licença 682|108.28
02|Serviço 365|234.47
02|Produto 391|446.72
02|Item 237|60.68
02|Pacote 789|104.49
02|Componente 180|452.35
02|Licença 071|145.07
02|Item 385|147.10
01|NFS|02-0003|2004.28
02|Serviço 521|327.67
02|Item 540|351.23
02|Peça 194|107.54
02|Produto 271|296.35
02|Assinatura 348|365.86
02|Licença 169|120.70
02|Componente 546|434.93
01|CTRC|02-0004|2242.13
02|Componente 876|416.39
02|Licença 047|307.29
02|Item 201|313.60
02|Assinatura 789|459.40
02|Produto 470|316.20
02|Item 926|103.23
02|Licença 093|208.25
02|Licença 238|117.77
01|CTRC|02-0005|1797.10
02|Produto 830|46.76
02|Componente 240|262.44
02|Item 400|10.50
02|Componente 855|472.52
02|Serviço 267|410.37
02|Serviço 552|54.74
02|Peça 062|367.81
02|Componente 598|171.96
01|NFC|02-0006|3098.77
02|Licença 265|230.32
02|Peça 137|474.78
02|Licença 171|374.16
02|Componente 661|209.70
02|Componente 661|53.89
02|Componente 303|275.69
02|Peça 272|489.20
02|Assinatura 203|332.14
02|Licença 937|392.26
02|Serviço 880|266.63
01|NFS|02-0007|1924.18
02|Produto 160|482.87
02|Pacote 206|479.67
02|Assinatura 397|156.33
02|Serviço 096|377.91
02|Assinatura 220|427.40
01|CTRC|02-0008|1683.67
02|Licença 276|190.36
02|Peça 799|354.81
02|Item 500|494.06
02|Item 883|229.98
02|Pacote 075|15.21
02|Componente 281|310.94
02|Peça 043|88.31
01|CTRC|02-0009|2394.76
02|Produto 265|372.39
02|Assinatura 768|329.07
02|Item 652|341.17
02|Serviço 561|404.46
02|Serviço 297|90.30
02|Pacote 601|20.61
02|Produto 596|379.42
02|Componente 715|74.90
02|Serviço 140|91.44
02|Item 038|291.00
01|NF|02-0010|2236.33
02|Componente 472|471.71
02|Serviço 279|213.50
02|Item 002|469.57
02|Serviço 083|306.34
02|Pacote 705|482.38
02|Peça 733|10.49
02|Peça 217|282.34
00|78.518.772/0784-00|Empresa Versao2 03 LTDA|(28) 91541-7686
01|NF|03-0001|952.72
02|Componente 042|56.75
02|Item 501|230.38
02|Peça 419|214.65
02|Pacote 831|226.52
02|Assinatura 916|224.42
01|NFC|03-0002|2634.16
02|Item 336|207.60
02|Peça 285|401.29
02|Produto 808|61.16
02|Peça 916|389.65
02|Item 515|481.33
02|Peça 539|23.03
02|Item 885|273.36
02|Pacote 681|178.96
02|Serviço 580|383.05
02|Serviço 039|234.73
01|NFS|03-0003|931.30
02|Serviço 338|166.94
02|Pacote 350|162.48
02|Item 742|190.56
02|Pacote 755|321.23
02|Peça 069|90.09
01|NFS|03-0004|2181.07
02|Peça 010|311.76
02|Item 483|53.42
02|Peça 495|458.45
02|Item 356|299.20
02|Pacote 561|486.37
02|Pacote 714|34.04
02|Licença 828|75.17
02|Pacote 124|386.27
02|Item 724|76.39
01|NFS|03-0005|1924.25
02|Item 076|336.00
02|Item 378|262.31
02|Item 755|194.38
02|Produto 025|364.89
02|Componente 521|186.14
02|Peça 457|218.62
02|Licença 471|133.33
02|Peça 683|77.22
02|Item 308|151.36
01|NFC|03-0006|2108.86
02|Serviço 649|94.06
02|Serviço 978|256.67
02|Item 314|65.05
02|Assinatura 369|244.43
02|Produto 432|309.11
02|Produto 451|164.22
02|Produto 610|474.38
02|Pacote 731|148.55
02|Pacote 203|12.09
02|Licença 797|340.30
01|NFS|03-0007|945.96
02|Serviço 683|40.61
02|Produto 659|90.41
02|Licença 798|190.88
02|Licença 791|375.46
02|Licença 066|248.60
01|NFS|03-0008|1321.65
02|Licença 327|128.14
02|Peça 480|495.92
02|Pacote 177|16.13
02|Assinatura 019|212.32
02|Produto 564|202.54
02|Componente 741|266.60
01|NFE|03-0009|1431.95
02|Serviço 509|95.13
02|Serviço 921|32.79
02|Serviço 517|498.25
02|Licença 291|407.39
02|Serviço 306|398.39
01|NFS|03-0010|1102.28
02|Componente 687|189.07
02|Peça 028|493.15
02|Licença 012|83.21
02|Item 432|124.82
02|Assinatura 917|212.03
00|48.936.008/3883-20|Empresa Versao2 04 LTDA|(43) 98277-8674
01|NFS|04-0001|1814.86
02|Licença 551|494.23
02|Peça 541|255.92
02|Peça 985|223.77
02|Peça 490|289.66
02|Pacote 007|276.13
02|Assinatura 033|223.48
02|Componente 614|51.67
01|NFC|04-0002|1676.90
02|Produto 820|368.84
02|Componente 099|339.33
02|Assinatura 034|105.85
02|Serviço 927|196.80
02|Item 543|18.45
02|Assinatura 047|54.10
02|Peça 299|136.71
02|Produto 794|98.44
02|Produto 122|358.38
01|NFC|04-0003|1680.61
02|Produto 906|85.92
02|Pacote 997|466.14
02|Assinatura 634|26.78
02|Produto 078|344.15
02|Serviço 009|485.02
02|Licença 336|235.10
02|Componente 344|37.50
01|NFC|04-0004|1701.28
02|Assinatura 434|67.99
02|Pacote 545|97.44
02|Item 878|241.03
02|Produto 840|140.08
02|Assinatura 146|446.95
02|Licença 565|13.81
02|Assinatura 113|333.36
02|Componente 241|360.62
01|NFE|04-0005|1531.51
02|Assinatura 155|483.22
02|Peça 738|274.21
02|Licença 617|428.93
02|Serviço 916|181.88
02|Item 161|163.27
01|NFC|04-0006|1886.47
02|Item 862|317.69
02|Componente 930|171.03
02|Peça 614|362.18
02|Produto 357|419.41
02|Produto 613|147.86
02|Pacote 976|287.40
02|Licença 644|180.90
01|NFS|04-0007|3355.93
02|Assinatura 306|419.91
02|Assinatura 902|166.42
02|Licença 068|344.80
02|Licença 265|425.69
02|Item 689|438.50
02|Assinatura 262|149.72
02|Peça 563|498.97
02|Assinatura 019|478.27
02|Peça 826|433.65
01|NFS|04-0008|2592.34
02|Pacote 816|425.45
02|Licença 173|382.95
02|Pacote 038|140.52
02|Componente 298|283.59
02|Serviço 040|356.26
02|Assinatura 537|344.96
02|Pacote 509|130.58
02|Peça 619|82.40
02|Assinatura 609|445.63
01|NFS|04-0009|1229.44
02|Assinatura 946|53.86
02|Item 364|498.88
02|Assinatura 676|49.74
02|Licença 023|305.77
02|Serviço 301|321.19
01|NF|04-0010|1643.37
02|Peça 340|311.12
02|Peça 572|336.56
02|Licença 829|133.06
02|Item 068|303.07
02|Assinatura 172|376.74
02|Assinatura 688|182.82
00|65.650.248/4910-45|Empresa Versao2 05 LTDA|(41) 97995-8549
01|CTRC|05-0001|2599.41
02|Produto 911|334.00
02|Serviço 981|103.85
02|Pacote 217|244.63
02|Item 629|160.34
02|Assinatura 978|381.76
02|Assinatura 228|83.44
02|Peça 276|486.79
02|Componente 745|482.04
02|Item 585|288.37
02|Licença 209|34.19
01|NF|05-0002|1896.04
02|Pacote 990|177.62
02|Produto 398|127.12
02|Peça 367|38.29
02|Licença 875|471.81
02|Componente 599|375.27
02|Serviço 768|290.55
02|Assinatura 118|287.79
02|Licença 068|127.59
01|NFS|05-0003|1868.37
02|Peça 445|310.88
02|Pacote 282|127.38
02|Serviço 301|77.06
02|Pacote 604|437.15
02|Serviço 035|421.78
02|Componente 320|244.34
02|Peça 679|124.76
02|Item 120|125.02
01|NFC|05-0004|2187.63
02|Pacote 166|254.09
02|Item 154|44.30
02|Licença 330|207.21
02|Item 720|336.99
02|Componente 944|268.11
02|Componente 294|39.67
02|Peça 047|249.42
02|Componente 303|178.79
02|Assinatura 251|365.41
02|Componente 496|243.64
01|NFE|05-0005|2919.67
02|Serviço 634|453.86
02|Componente 797|277.01
02|Componente 027|458.40
02|Pacote 760|344.60
02|Componente 692|397.20
02|Item 227|67.09
02|Assinatura 634|430.62
02|Licença 997|392.88
02|Serviço 740|27.39
02|Componente 787|70.62
01|NFS|05-0006|915.72
02|Serviço 298|247.16
02|Assinatura 732|79.36
02|Item 689|179.85
02|Licença 658|333.87
02|Assinatura 071|75.48
01|NFC|05-0007|1110.73
02|Serviço 329|155.70
02|Pacote 415|161.34
02|Pacote 084|163.53
02|Licença 587|262.63
02|Serviço 933|367.53
01|CTRC|05-0008|1539.16
02|Licença 517|452.37
02|Serviço 229|184.33
02|Pacote 914|302.75
02|Produto 523|134.65
02|Item 349|402.14
02|Assinatura 601|62.92
01|NFS|05-0009|2182.23
02|Produto 328|266.47
02|Pacote 326|420.47
02|Pacote 439|184.07
02|Item 156|131.11
02|Produto 204|412.93
02|Assinatura 944|140.71
02|Serviço 328|327.13
02|Pacote 951|237.59
02|Licença 478|61.75
01|NF|05-0010|802.30
02|Assinatura 644|158.94
02|Serviço 213|307.24
02|Licença 324|82.44
02|Assinatura 629|162.85
02|Item 377|90.83
00|86.738.388/6157-23|Empresa Versao2 06 LTDA|(01) 99186-2182
01|NFC|06-0001|2268.42
02|Licença 111|370.02
02|Pacote 766|21.97
02|Licença 400|244.70
02|Serviço 697|199.37
02|Pacote 720|180.81
02|Licença 868|498.69
02|Componente 659|414.36
02|Serviço 715|126.36
02|Pacote 521|212.14
01|NF|06-0002|1904.66
02|Pacote 826|479.09
02|Assinatura 461|298.15
02|Serviço 758|151.81
02|Produto 670|425.36
02|Item 007|353.46
02|Componente 148|196.79
01|NFE|06-0003|1903.86
02|Peça 002|462.37
02|Componente 360|423.91
02|Serviço 243|256.16
02|Item 317|52.46
02|Pacote 288|66.96
02|Componente 753|114.45
02|Produto 018|464.99
02|Pacote 564|33.33
02|Serviço 763|29.23
01|CTRC|06-0004|1981.30
02|Peça 423|400.49
02|Componente 693|235.58
02|Licença 901|121.28
02|Serviço 048|314.64
02|Licença 545|34.65
02|Produto 421|389.17
02|Assinatura 045|284.96
02|Item 139|200.53
01|CTRC|06-0005|1516.35
02|Serviço 539|399.92
02|Assinatura 890|76.87
02|Peça 210|480.74
02|Peça 539|368.70
02|Item 930|190.12
01|NFS|06-0006|1595.14
02|Pacote 687|321.21
02|Licença 315|18.31
02|Pacote 215|419.34
02|Item 194|424.38
02|Pacote 893|116.62
02|Item 235|255.54
02|Assinatura 991|39.74
01|CTRC|06-0007|1763.46
02|Pacote 582|87.37
02|Componente 843|253.36
02|Pacote 136|423.05
02|Componente 105|282.94
02|Pacote 361|187.50
02|Licença 032|435.49
02|Serviço 254|38.20
02|Produto 844|55.55
01|NF|06-0008|1041.54
02|Produto 107|298.78
02|Serviço 883|240.61
02|Assinatura 620|72.69
02|Peça 036|390.43
02|Produto 335|39.03
01|NFC|06-0009|2599.80
02|Licença 347|427.52
02|Item 020|450.44
02|Serviço 309|424.87
02|Licença 770|348.60
02|Licença 394|162.74
02|Pacote 933|322.67
02|Item 303|17.22
02|Produto 969|445.74
01|NFC|06-0010|1164.41
02|Licença 962|14.98
02|Componente 329|353.47
02|Serviço 755|53.56
02|Licença 418|159.21
02|Produto 367|57.94
02|Licença 604|300.61
02|Item 382|224.64
00|99.368.085/1089-61|Empresa Versao2 07 LTDA|(18) 91633-9692
01|CTRC|07-0001|1789.29
02|Pacote 124|327.58
02|Item 672|121.96
02|Serviço 188|458.53
02|Assinatura 294|86.77
02|Licença 696|428.20
02|Pacote 665|162.69
02|Serviço 484|145.71
02|Assinatura 633|57.85
01|NFS|07-0002|1010.88
02|Item 654|340.41
02|Produto 561|87.09
02|Componente 054|317.14
02|Produto 595|80.37
02|Licença 255|185.87
01|NFC|07-0003|1015.89
02|Pacote 976|64.79
02|Componente 635|39.97
02|Item 217|214.00
02|Serviço 339|311.46
02|Item 760|11.42
02|Item 476|180.85
02|Assinatura 934|193.40
01|NFS|07-0004|1905.72
02|Peça 220|91.11
02|Peça 300|186.92
02|Componente 904|277.41
02|Licença 664|444.99
02|Componente 987|241.94
02|Componente 892|339.29
02|Item 512|61.75
02|Produto 832|106.09
02|Pacote 964|156.22
01|CTRC|07-0005|1019.53
02|Produto 720|428.61
02|Assinatura 934|26.11
02|Componente 606|59.52
02|Pacote 712|206.59
02|Componente 943|298.70
01|NFE|07-0006|1901.64
02|Componente 415|195.44
02|Serviço 868|460.19
02|Licença 680|196.69
02|Assinatura 516|327.13
02|Produto 035|258.73
02|Componente 675|386.02
02|Produto 878|77.44
01|CTRC|07-0007|1904.30
02|Serviço 510|431.19
02|Pacote 336|331.98
02|Assinatura 949|476.98
02|Produto 592|351.78
02|Item 100|312.37
01|NFC|07-0008|1486.06
02|Serviço 030|222.46
02|Serviço 386|235.44
02|Pacote 255|142.50
02|Pacote 995|42.02
02|Produto 783|374.46
02|Serviço 479|469.18
01|NFC|07-0009|1219.90
02|Componente 532|308.60
02|Peça 204|172.25
02|Peça 459|251.19
02|Assinatura 097|176.43
02|Pacote 477|311.43
01|NFS|07-0010|2013.00
02|Licença 065|453.74
02|Pacote 918|241.23
02|Peça 954|149.29
02|Produto 792|421.13
02|Item 643|32.64
02|Pacote 027|386.03
02|Serviço 747|16.75
02|Componente 674|312.19
00|19.738.243/1073-72|Empresa Versao2 08 LTDA|(77) 92558-9882
01|CTRC|08-0001|1733.85
02|Licença 962|360.26
02|Item 862|58.67
02|Produto 988|37.79
02|Serviço 340|248.16
02|Item 251|329.48
02|Produto 699|319.11
02|Pacote 133|179.50
02|Produto 234|94.11
02|Produto 656|16.82
02|Licença 628|89.95
01|NFS|08-0002|2393.11
02|Item 933|319.60
02|Pacote 272|33.40
02|Produto 895|137.03
02|Componente 705|494.07
02|Produto 453|366.48
02|Produto 237|179.03
02|Componente 978|41.54
02|Pacote 243|279.94
02|Licença 046|246.77
02|Serviço 884|295.25
01|NFC|08-0003|1953.82
02|Licença 527|100.54
02|Item 452|370.33
02|Licença 303|225.89
02|Licença 879|362.57
02|Assinatura 499|286.01
02|Item 549|125.53
02|Item 746|482.95
01|NF|08-0004|1575.74
02|Licença 626|495.77
02|Assinatura 565|450.63
02|Componente 126|336.84
02|Licença 923|160.28
02|Item 744|132.22
01|NF|08-0005|2599.58
02|Serviço 760|387.19
02|Item 308|398.29
02|Assinatura 985|120.96
02|Componente 453|289.04
02|Pacote 998|331.89
02|Serviço 182|327.55
02|Peça 192|162.84
02|Item 716|155.83
02|Serviço 730|425.99
01|NF|08-0006|1882.79
02|Componente 820|29.87
02|Pacote 996|253.79
02|Item 661|332.17
02|Peça 405|332.83
02|Assinatura 344|62.77
02|Pacote 231|42.85
02|Item 728|379.28
02|Assinatura 680|329.10
02|Produto 762|120.13
01|NFS|08-0007|1239.94
02|Peça 925|101.13
02|Serviço 250|99.94
02|Item 552|141.86
02|Componente 042|87.86
02|Serviço 830|410.33
02|Serviço 050|382.14
02|Produto 218|16.68
01|CTRC|08-0008|2275.80
02|Pacote 982|174.24
02|Assinatura 179|279.53
02|Item 603|394.99
02|Pacote 782|14.26
02|Item 867|393.37
02|Peça 524|402.25
02|Serviço 978|353.91
02|Assinatura 557|263.25
01|NFC|08-0009|881.62
02|Serviço 523|87.39
02|Item 155|50.24
02|Peça 905|300.29
02|Item 184|325.02
02|Pacote 459|118.68
01|NFS|08-0010|2622.17
02|Peça 142|492.46
02|Item 948|257.14
02|Componente 664|201.41
02|Licença 364|350.15
02|Produto 528|339.13
02|Serviço 432|282.62
02|Licença 374|79.63
02|Produto 877|140.81
02|Produto 495|478.82
00|62.143.095/4188-64|Empresa Versao2 09 LTDA|(69) 97093-9306
01|NF|09-0001|894.19
02|Licença 077|50.07
02|Peça 760|126.74
02|Licença 531|140.03
02|Pacote 183|70.56
02|Assinatura 498|450.80
02|Item 998|55.99
01|NFS|09-0002|940.16
02|Item 595|136.08
02|Item 606|11.29
02|Serviço 709|274.14
02|Item 270|303.62
02|Produto 777|215.03
01|CTRC|09-0003|1997.56
02|Assinatura 073|82.71
02|Serviço 801|412.26
02|Licença 141|168.40
02|Produto 950|244.54
02|Serviço 625|24.75
02|Assinatura 865|318.34
02|Serviço 496|491.74
02|Serviço 617|113.23
02|Assinatura 824|141.59
01|NF|09-0004|1477.56
02|Licença 144|12.57
02|Pacote 325|125.06
02|Assinatura 011|255.23
02|Assinatura 730|279.23
02|Licença 785|11.82
02|Item 103|351.84
02|Peça 107|107.75
02|Licença 165|275.41
02|Licença 631|58.65
01|NFE|09-0005|2066.33
02|Peça 919|74.80
02|Componente 301|390.72
02|Assinatura 813|375.03
02|Produto 069|479.18
02|Assinatura 380|495.33
02|Pacote 956|251.27
01|NFE|09-0006|1138.11
02|Pacote 112|31.27
02|Produto 987|95.28
02|Assinatura 870|339.93
02|Componente 479|261.92
02|Licença 678|207.12
02|Produto 016|202.59
01|NFC|09-0007|2586.53
02|Item 070|158.77
02|Serviço 995|216.01
02|Produto 456|398.75
02|Item 984|422.41
02|Pacote 434|277.03
02|Produto 308|207.03
02|Produto 009|223.32
02|Assinatura 530|154.41
02|Item 360|434.48
02|Licença 166|94.32
01|NFS|09-0008|2280.95
02|Assinatura 093|482.02
02|Serviço 994|485.09
02|Serviço 913|240.72
02|Pacote 120|252.32
02|Licença 548|374.62
02|Licença 030|446.18
01|NFE|09-0009|1635.26
02|Serviço 994|267.37
02|Item 214|215.01
02|Licença 133|347.26
02|Peça 233|295.13
02|Assinatura 099|192.29
02|Pacote 441|22.87
02|Item 045|206.10
02|Peça 596|89.23
01|CTRC|09-0010|1897.56
02|Produto 189|366.25
02|Item 156|396.18
02|Item 336|22.21
02|Produto 324|148.61
02|Peça 626|230.66
02|Licença 611|325.13
02|Licença 741|173.99
02|Componente 457|234.53
00|82.035.428/1530-37|Empresa Versao2 10 LTDA|(04) 94856-0821
01|NFC|10-0001|950.94
02|Item 130|142.53
02|Pacote 439|167.13
02|Componente 465|387.97
02|Licença 838|112.96
02|Pacote 189|21.22
02|Peça 065|54.18
02|Peça 051|64.95
01|CTRC|10-0002|2135.61
02|Componente 090|98.91
02|Serviço 507|382.55
02|Serviço 980|227.84
02|Pacote 015|381.66
02|Peça 847|409.30
02|Peça 716|261.82
02|Assinatura 295|34.26
02|Produto 117|103.93
02|Pacote 394|235.34
01|NFS|10-0003|1014.88
02|Serviço 493|398.81
02|Componente 878|24.17
02|Serviço 397|95.95
02|Serviço 354|446.01
02|Peça 120|49.94
01|CTRC|10-0004|740.26
02|Componente 228|248.84
02|Serviço 184|214.45
02|Licença 928|63.29
02|Serviço 095|126.91
02|Componente 450|86.77
01|NFS|10-0005|2051.32
02|Pacote 575|270.19
02|Licença 673|148.82
02|Peça 520|447.34
02|Licença 258|272.64
02|Licença 847|363.21
02|Licença 487|106.46
02|Item 172|442.66
01|NFS|10-0006|1978.66
02|Assinatura 983|418.24
02|Serviço 959|406.35
02|Serviço 632|213.16
02|Serviço 791|112.23
02|Pacote 322|314.00
02|Licença 585|330.61
02|Componente 558|32.02
02|Item 672|152.05
01|NF|10-0007|2108.11
02|Assinatura 401|487.09
02|Item 252|317.45
02|Componente 742|449.08
02|Pacote 770|341.01
02|Peça 807|83.99
02|Serviço 752|429.49
01|NF|10-0008|2477.78
02|Licença 870|359.26
02|Pacote 412|325.18
02|Produto 159|209.06
02|Assinatura 064|341.95
02|Componente 408|453.59
02|Pacote 276|316.53
02|Item 308|442.18
02|Componente 452|30.03
01|NFC|10-0009|2401.35
02|Assinatura 237|403.82
02|Peça 255|76.01
02|Licença 428|21.25
02|Licença 214|419.48
02|Item 148|261.33
02|Componente 868|165.89
02|Item 389|453.73
02|Pacote 260|206.72
02|Item 520|393.12
01|NFC|10-0010|2687.52
02|Pacote 755|150.25
02|Pacote 369|130.54
02|Licença 260|496.04
02|Peça 517|435.59
02|Licença 380|119.57
02|Produto 099|475.47
02|Peça 464|11.85
02|Licença 347|174.96
02|Pacote 698|259.99
02|Peça 999|433.26
00|71.622.144/4105-73|Empresa Versao2 11 LTDA|(92) 98906-9939
01|NF|11-0001|2235.21
02|Item 733|315.05
02|Item 374|382.44
02|Assinatura 918|326.61
02|Licença 794|420.19
02|Licença 425|159.08
02|Peça 615|93.14
02|Componente 798|488.02
02|Produto 830|50.68
01|CTRC|11-0002|1483.44
02|Componente 146|159.62
02|Item 048|141.16
02|Componente 431|65.71
02|Serviço 159|26.89
02|Item 343|82.87
02|Componente 495|350.46
02|Serviço 574|499.61
02|Item 326|157.12
01|NF|11-0003|2487.32
02|Componente 393|230.67
02|Peça 889|365.70
02|Peça 072|392.76
02|Peça 026|427.66
02|Produto 257|94.70
02|Serviço 962|173.32
02|Peça 304|151.31
02|Pacote 342|349.06
02|Assinatura 943|302.14
01|NFS|11-0004|2193.77
02|Licença 269|314.75
02|Componente 059|299.64
02|Serviço 455|336.91
02|Pacote 528|141.37
02|Pacote 354|438.50
02|Licença 172|260.77
02|Peça 202|401.83
01|CTRC|11-0005|1235.32
02|Produto 755|145.40
02|Serviço 921|467.07
02|Serviço 719|102.61
02|Pacote 988|36.48
02|Item 879|355.03
02|Componente 190|128.73
01|NFC|11-0006|2578.17
02|Componente 280|465.87
02|Serviço 796|486.18
02|Assinatura 364|404.47
02|Componente 822|392.00
02|Peça 567|208.12
02|Assinatura 672|285.69
02|Licença 139|119.30
02|Peça 224|216.54
01|NF|11-0007|2579.31
02|Item 782|250.19
02|Pacote 523|458.84
02|Licença 962|214.01
02|Serviço 211|22.69
02|Componente 436|438.72
02|Assinatura 105|441.46
02|Licença 232|181.71
02|Componente 864|204.33
02|Componente 270|367.36
01|NFC|11-0008|2002.48
02|Item 420|52.66
02|Componente 021|69.43
02|Componente 852|339.47
02|Licença 603|334.26
02|Pacote 155|354.24
02|Item 329|499.29
02|Licença 666|353.13
01|NFC|11-0009|1858.10
02|Serviço 781|84.71
02|Produto 694|437.44
02|Componente 619|211.85
02|Peça 254|279.36
02|Licença 313|314.77
02|Item 429|410.96
02|Serviço 294|119.01
01|NFC|11-0010|1368.65
02|Licença 014|88.49
02|Componente 649|104.28
02|Componente 733|275.50
02|Pacote 213|373.68
02|Serviço 998|186.39
02|Produto 716|340.31
00|72.309.781/6665-70|Empresa Versao2 12 LTDA|(13) 95440-3733
01|NFC|12-0001|1151.79
02|Item 724|107.49
02|Assinatura 600|321.60
02|Peça 914|488.69
02|Peça 179|24.99
02|Serviço 591|209.02
01|CTRC|12-0002|1546.29
02|Item 670|227.91
02|Pacote 824|187.58
02|Item 015|464.67
02|Peça 750|303.95
02|Licença 536|362.18
01|NFS|12-0003|1639.43
02|Componente 787|427.01
02|Item 588|274.18
02|Serviço 226|10.92
02|Serviço 868|200.47
02|Licença 284|211.65
02|Peça 049|447.17
02|Produto 389|68.03
01|NF|12-0004|2369.19
02|Item 325|246.68
02|Assinatura 847|270.21
02|Pacote 817|368.90
02|Pacote 352|423.10
02|Peça 927|276.08
02|Pacote 770|22.75
02|Pacote 736|46.78
02|Peça 758|460.11
02|Peça 127|254.58
01|NFE|12-0005|1056.85
02|Peça 999|41.83
02|Item 261|412.88
02|Pacote 041|98.54
02|Assinatura 642|268.10
02|Pacote 482|67.98
02|Item 764|167.52
01|NFE|12-0006|2339.33
02|Assinatura 616|36.13
02|Assinatura 220|358.74
02|Pacote 934|403.61
02|Pacote 025|433.37
02|Assinatura 821|249.15
02|Licença 258|377.78
02|Item 300|308.70
02|Produto 017|171.85
01|NFC|12-0007|2088.25
02|Componente 608|234.05
02|Serviço 909|109.67
02|Pacote 381|436.72
02|Pacote 740|480.99
02|Item 990|491.40
02|Assinatura 273|59.76
02|Licença 497|275.66
01|NFS|12-0008|1937.94
02|Licença 039|33.69
02|Item 913|45.77
02|Serviço 153|497.07
02|Peça 384|327.36
02|Peça 425|419.35
02|Assinatura 999|281.43
02|Licença 311|101.75
02|Pacote 248|231.52
01|CTRC|12-0009|1649.37
02|Assinatura 733|454.62
02|Produto 235|158.25
02|Produto 518|263.30
02|Peça 110|403.69
02|Item 665|229.29
02|Serviço 069|140.22
01|NFC|12-0010|995.18
02|Item 436|69.84
02|Item 718|20.16
02|Item 392|358.14
02|Pacote 752|179.83
02|Item 288|132.50
02|Licença 281|136.37
02|Produto 272|98.34
00|93.835.541/0995-63|Empresa Versao2 13 LTDA|(89) 91550-4050
01|NFC|13-0001|1696.74
02|Licença 354|476.02
02|Produto 061|78.99
02|Componente 932|300.01
02|Produto 101|137.85
02|Item 655|248.64
02|Produto 796|387.54
02|Item 601|67.69
01|NF|13-0002|3016.13
02|Pacote 791|192.23
02|Produto 584|347.49
02|Item 448|175.00
02|Item 377|269.08
02|Serviço 624|493.22
02|Serviço 937|367.89
02|Peça 868|495.62
02|Item 223|262.56
02|Serviço 131|413.04
01|NFE|13-0003|2422.75
02|Item 431|342.64
02|Produto 081|408.86
02|Serviço 307|379.46
02|Item 238|142.40
02|Item 860|79.78
02|Licença 197|262.17
02|Item 343|393.55
02|Item 363|413.89
01|NF|13-0004|2007.34
02|Peça 972|57.64
02|Assinatura 017|412.20
02|Assinatura 592|245.10
02|Peça 523|113.00
02|Item 987|420.42
02|Serviço 713|157.00
02|Peça 011|10.59
02|Serviço 658|441.34
02|Componente 280|75.98
02|Peça 506|74.07
01|CTRC|13-0005|2555.16
02|Serviço 094|404.15
02|Item 053|35.30
02|Pacote 774|387.12
02|Peça 477|221.05
02|Peça 794|451.43
02|Assinatura 517|200.46
02|Produto 795|159.28
02|Pacote 548|220.73
02|Pacote 619|319.06
02|Serviço 337|156.58
01|NFE|13-0006|1287.24
02|Licença 245|309.52
02|Item 956|260.58
02|Pacote 286|122.14
02|Pacote 549|319.30
02|Assinatura 253|275.70
01|NFS|13-0007|2703.03
02|Licença 859|375.35
02|Peça 860|490.56
02|Serviço 301|122.83
02|Licença 887|218.50
02|Licença 381|152.99
02|Assinatura 358|408.89
02|Serviço 744|464.30
02|Pacote 412|378.30
02|Peça 187|91.31
01|NFS|13-0008|2336.46
02|Item 670|159.28
02|Peça 668|357.15
02|Pacote 902|273.04
02|Assinatura 045|255.65
02|Produto 558|62.82
02|Componente 431|372.34
02|Peça 977|99.94
02|Componente 793|121.54
02|Item 569|346.18
02|Componente 285|288.52
01|CTRC|13-0009|1573.61
02|Peça 480|453.73
02|Assinatura 113|446.67
02|Pacote 785|227.22
02|Item 334|60.53
02|Assinatura 526|385.46
01|NFE|13-0010|1542.52
02|Assinatura 592|159.96
02|Pacote 872|386.17
02|Assinatura 256|315.60
02|Licença 364|371.82
02|Licença 934|308.97
00|41.571.409/9348-52|Empresa Versao2 14 LTDA|(17) 99489-8557
01|NFS|14-0001|2821.24
02|Serviço 901|496.90
02|Componente 508|134.20
02|Serviço 099|283.60
02|Peça 434|498.95
02|Serviço 604|316.05
02|Peça 657|389.54
02|Licença 181|48.96
02|Componente 668|274.75
02|Item 943|378.29
01|NFC|14-0002|2715.46
02|Serviço 080|296.94
02|Pacote 039|315.87
02|Componente 020|284.26
02|Serviço 197|263.24
02|Peça 492|395.96
02|Assinatura 680|191.75
02|Item 332|434.08
02|Item 209|294.74
02|Componente 351|238.62
01|NFC|14-0003|2731.78
02|Produto 981|175.66
02|Assinatura 774|220.18
02|Pacote 238|158.05
02|Pacote 544|302.81
02|Item 465|450.85
02|Assinatura 760|406.06
02|Componente 360|55.31
02|Assinatura 229|406.46
02|Peça 308|252.70
02|Assinatura 638|303.70
01|NFE|14-0004|2319.52
02|Peça 739|269.26
02|Pacote 595|176.30
02|Assinatura 341|439.97
02|Assinatura 125|80.88
02|Componente 398|444.08
02|Pacote 849|278.52
02|Item 041|77.78
02|Serviço 367|127.48
02|Peça 805|232.36
02|Produto 102|192.89
01|NFS|14-0005|1614.71
02|Item 755|473.56
02|Peça 499|228.02
02|Peça 177|111.96
02|Peça 093|358.27
02|Assinatura 255|355.51
02|Produto 305|87.39
01|NF|14-0006|2289.56
02|Produto 898|192.99
02|Componente 265|26.50
02|Item 882|372.63
02|Produto 225|293.28
02|Pacote 607|367.15
02|Assinatura 984|190.03
02|Item 839|250.53
02|Item 161|78.44
02|Produto 265|19.05
02|Serviço 717|498.96
01|NF|14-0007|2242.21
02|Produto 533|280.10
02|Pacote 346|53.05
02|Item 993|490.77
02|Item 283|285.17
02|Serviço 367|311.50
02|Produto 972|403.91
02|Licença 961|417.71
01|NFS|14-0008|1292.22
02|Pacote 487|56.27
02|Produto 132|300.28
02|Serviço 318|118.45
02|Peça 469|427.73
02|Componente 369|272.53
02|Assinatura 763|116.96
01|NFE|14-0009|1579.02
02|Item 008|219.83
02|Licença 671|256.55
02|Produto 353|101.20
02|Serviço 636|56.34
02|Licença 749|430.61
02|Pacote 567|459.60
02|Licença 762|54.89
01|NFE|14-0010|1383.12
02|Assinatura 184|241.25
02|Pacote 244|423.17
02|Componente 866|140.35
02|Licença 260|331.14
02|Serviço 410|172.14
02|Item 542|75.07
00|83.851.169/9321-26|Empresa Versao2 15 LTDA|(81) 97885-1365
01|NFE|15-0001|1439.62
02|Assinatura 151|51.99
02|Peça 650|190.20
02|Item 816|172.49
02|Assinatura 166|176.00
02|Pacote 404|63.85
02|Pacote 501|358.75
02|Assinatura 882|426.34
01|NFC|15-0002|2228.17
02|Serviço 707|49.04
02|Peça 310|295.04
02|Componente 819|416.58
02|Peça 970|269.58
02|Serviço 354|411.53
02|Componente 158|255.31
02|Peça 980|79.11
02|Pacote 543|428.93
02|Item 017|23.05
01|NFE|15-0003|1783.90
02|Assinatura 412|105.12
02|Pacote 687|385.27
02|Pacote 001|428.95
02|Peça 563|253.21
02|Peça 524|167.71
02|Peça 896|443.64
01|NF|15-0004|1850.48
02|Pacote 765|64.48
02|Assinatura 949|401.42
02|Pacote 043|414.17
02|Assinatura 403|403.30
02|Peça 635|391.90
02|Serviço 487|175.21
01|NFC|15-0005|2295.09
02|Assinatura 297|361.56
02|Item 477|144.24
02|Componente 197|199.91
02|Componente 195|104.10
02|Pacote 464|414.52
02|Componente 974|212.65
02|Licença 182|78.59
02|Serviço 144|494.27
02|Pacote 931|285.25
01|NFE|15-0006|2018.05
02|Produto 970|380.23
02|Pacote 178|205.81
02|Assinatura 378|215.50
02|Serviço 378|293.92
02|Componente 985|28.65
02|Pacote 016|150.62
02|Pacote 362|368.13
02|Produto 527|155.15
02|Serviço 284|203.57
02|Item 830|16.47
01|CTRC|15-0007|2226.03
02|Produto 645|15.24
02|Assinatura 508|232.69
02|Serviço 006|143.12
02|Componente 426|444.16
02|Licença 060|210.46
02|Assinatura 750|473.51
02|Pacote 916|299.55
02|Licença 467|407.30
01|NFS|15-0008|2813.27
02|Assinatura 162|388.97
02|Item 869|341.36
02|Serviço 185|417.10
02|Peça 450|267.47
02|Item 067|447.99
02|Item 133|83.15
02|Peça 655|103.90
02|Componente 653|241.45
02|Peça 001|440.92
02|Produto 016|80.96
01|CTRC|15-0009|1791.36
02|Item 977|40.40
02|Produto 467|121.07
02|Componente 124|137.16
02|Peça 335|426.61
02|Produto 579|270.84
02|Componente 987|499.15
02|Serviço 828|296.13
01|NFC|15-0010|1965.76
02|Produto 873|491.22
02|Pacote 632|387.13
02|Pacote 197|239.40
02|Assinatura 803|65.19
02|Item 096|355.33
02|Licença 212|39.43
02|Licença 243|388.06
00|88.905.885/4375-46|Empresa Versao2 16 LTDA|(48) 94292-4212
01|NF|16-0001|1516.78
02|Assinatura 044|53.51
02|Peça 671|427.58
02|Assinatura 951|214.31
02|Licença 328|497.77
02|Produto 564|323.61
01|NF|16-0002|2653.70
02|Item 589|463.41
02|Licença 244|148.38
02|Item 638|237.48
02|Assinatura 940|90.80
02|Item 957|411.24
02|Licença 761|402.04
02|Item 343|329.32
02|Peça 047|475.99
02|Pacote 551|95.04
01|NFS|16-0003|1955.26
02|Item 880|452.17
02|Produto 794|373.80
02|Peça 597|71.01
02|Licença 231|101.95
02|Assinatura 824|147.42
02|Componente 685|30.78
02|Serviço 152|82.36
02|Assinatura 792|386.26
02|Serviço 809|227.68
02|Peça 238|81.83
01|CTRC|16-0004|2180.45
02|Produto 159|454.47
02|Licença 496|452.13
02|Produto 544|236.53
02|Peça 608|175.85
02|Assinatura 830|202.28
02|Pacote 399|407.02
02|Item 252|252.17
01|CTRC|16-0005|1923.24
02|Produto 753|101.20
02|Item 549|113.60
02|Serviço 080|474.12
02|Item 589|87.37
02|Item 193|242.92
02|Pacote 225|201.39
02|Componente 899|288.84
02|Pacote 148|212.50
02|Serviço 543|201.30
01|NF|16-0006|1982.15
02|Licença 027|20.63
02|Assinatura 387|103.04
02|Produto 228|495.31
02|Assinatura 005|29.35
02|Serviço 101|393.64
02|Pacote 267|203.80
02|Licença 642|207.59
02|Licença 622|369.60
02|Licença 621|159.19
01|NFC|16-0007|1554.86
02|Produto 108|95.04
02|Peça 487|331.34
02|Assinatura 053|448.12
02|Serviço 964|371.77
02|Licença 409|113.17
02|Componente 316|195.42
01|NFE|16-0008|1741.94
02|Peça 949|338.54
02|Componente 660|263.91
02|Item 332|256.16
02|Componente 273|302.29
02|Assinatura 863|224.19
02|Assinatura 171|356.85
01|CTRC|16-0009|2242.62
02|Item 437|414.93
02|Serviço 787|454.95
02|Peça 861|285.93
02|Peça 629|394.47
02|Serviço 730|297.58
02|Licença 146|141.02
02|Licença 555|253.74
01|NFS|16-0010|1104.36
02|Produto 422|195.12
02|Licença 186|158.22
02|Componente 755|499.77
02|Produto 024|49.73
02|Pacote 217|201.52
00|42.562.989/7020-91|Empresa Versao2 17 LTDA|(73) 93045-0697
01|CTRC|17-0001|2233.21
02|Serviço 265|282.78
02|Item 041|345.44
02|Item 007|170.79
02|Produto 862|361.58
02|Serviço 925|340.49
02|Licença 269|417.19
02|Pacote 621|142.60
02|Pacote 923|79.28
02|Pacote 124|93.06
01|NFE|17-0002|2292.13
02|Licença 218|442.28
02|Item 474|87.02
02|Item 312|160.34
02|Componente 933|57.11
02|Item 487|116.11
02|Peça 780|292.64
02|Pacote 832|293.83
02|Pacote 620|397.76
02|Item 675|445.04
01|NFC|17-0003|2813.26
02|Peça 250|453.49
02|Peça 040|164.65
02|Licença 288|469.73
02|Componente 332|107.43
02|Assinatura 431|390.16
02|Componente 022|100.22
02|Serviço 341|408.49
02|Assinatura 042|321.26
02|Pacote 218|397.83
01|NFS|17-0004|1721.06
02|Componente 484|118.66
02|Peça 933|40.23
02|Serviço 205|170.18
02|Assinatura 891|388.15
02|Produto 924|330.81
02|Peça 536|348.29
02|Componente 805|67.70
02|Licença 801|149.82
02|Item 958|107.22
01|CTRC|17-0005|2073.42
02|Componente 298|106.17
02|Licença 266|325.49
02|Produto 248|374.75
02|Componente 154|483.54
02|Componente 847|211.73
02|Pacote 861|345.45
02|Item 311|64.85
02|Peça 666|161.44
01|NFC|17-0006|1813.41
02|Assinatura 831|319.49
02|Produto 873|366.59
02|Componente 526|101.07
02|Assinatura 774|79.21
02|Componente 350|121.04
02|Componente 598|361.05
02|Peça 203|320.56
02|Peça 978|144.40
01|NF|17-0007|2466.41
02|Assinatura 051|129.73
02|Pacote 845|212.88
02|Serviço 825|438.05
02|Serviço 326|380.69
02|Pacote 934|109.96
02|Assinatura 267|270.10
02|Pacote 184|220.75
02|Item 978|497.47
02|Assinatura 881|206.78
01|NF|17-0008|2480.46
02|Componente 431|102.14
02|Pacote 485|242.09
02|Item 922|498.52
02|Componente 982|459.10
02|Peça 536|57.37
02|Item 126|245.05
02|Pacote 658|372.49
02|Componente 978|198.76
02|Componente 927|153.58
02|Assinatura 160|151.36
01|NFS|17-0009|2035.27
02|Peça 209|326.41
02|Peça 180|354.87
02|Assinatura 439|476.96
02|Pacote 814|410.12
02|Produto 088|466.91
01|NFC|17-0010|1389.82
02|Produto 940|462.87
02|Serviço 136|206.17
02|Serviço 110|372.35
02|Pacote 851|40.32
02|Licença 736|254.77
02|Produto 535|15.05
02|Serviço 139|38.29
00|53.144.759/8010-35|Empresa Versao2 18 LTDA|(19) 92752-4750
01|NFC|18-0001|2316.70
02|Peça 727|496.56
02|Item 159|379.33
02|Serviço 900|32.61
02|Pacote 811|386.43
02|Assinatura 810|494.77
02|Licença 305|386.74
02|Produto 193|118.35
02|Licença 624|21.91
01|NF|18-0002|2272.93
02|Assinatura 894|307.04
02|Serviço 881|328.88
02|Item 851|53.71
02|Pacote 995|247.87
02|Licença 169|388.11
02|Licença 513|330.43
02|Produto 893|171.77
02|Serviço 257|445.12
01|NFC|18-0003|1881.63
02|Serviço 977|71.77
02|Peça 875|418.98
02|Assinatura 012|471.79
02|Serviço 986|329.73
02|Produto 888|311.11
02|Licença 129|13.72
02|Assinatura 728|264.53
01|NFS|18-0004|1168.51
02|Licença 971|50.49
02|Serviço 246|381.19
02|Componente 346|108.07
02|Serviço 166|173.53
02|Produto 638|174.67
02|Item 524|280.56
01|NF|18-0005|1808.41
02|Peça 549|421.37
02|Serviço 159|121.40
02|Peça 212|413.72
02|Item 700|124.95
02|Peça 815|268.32
02|Licença 238|458.65
01|NFE|18-0006|1592.69
02|Peça 995|210.10
02|Peça 923|156.06
02|Item 494|191.72
02|Peça 893|237.00
02|Licença 354|88.08
02|Assinatura 854|352.83
02|Pacote 822|52.46
02|Licença 252|304.44
01|NF|18-0007|2226.89
02|Produto 877|350.41
02|Item 813|494.07
02|Pacote 435|350.30
02|Assinatura 407|237.81
02|Componente 347|258.18
02|Serviço 579|89.81
02|Produto 000|446.31
01|NFE|18-0008|2089.78
02|Item 987|294.03
02|Componente 843|427.54
02|Produto 477|425.69
02|Produto 922|364.16
02|Licença 365|87.65
02|Assinatura 458|106.80
02|Peça 983|383.91
01|NFE|18-0009|2473.43
02|Assinatura 647|166.92
02|Assinatura 850|49.76
02|Peça 024|164.35
02|Peça 153|399.55
02|Item 562|428.00
02|Componente 911|410.22
02|Componente 389|286.62
02|Produto 578|84.26
02|Pacote 738|466.61
02|Item 600|17.14
01|CTRC|18-0010|3540.99
02|Peça 118|497.28
02|Licença 008|214.40
02|Peça 578|140.30
02|Serviço 252|413.71
02|Componente 431|347.74
02|Pacote 029|313.98
02|Pacote 866|410.46
02|Assinatura 636|331.58
02|Item 484|418.48
02|Licença 387|453.06
00|27.950.730/8282-89|Empresa Versao2 19 LTDA|(18) 99598-1791
01|NF|19-0001|2030.87
02|Item 776|332.58
02|Assinatura 977|125.60
02|Produto 188|174.99
02|Assinatura 925|451.85
02|Serviço 801|459.37
02|Pacote 475|381.04
02|Assinatura 316|105.44
01|NF|19-0002|1561.46
02|Licença 850|191.93
02|Serviço 372|473.08
02|Assinatura 961|432.23
02|Produto 352|51.29
02|Componente 344|71.05
02|Pacote 970|341.88
01|NF|19-0003|1612.44
02|Produto 297|400.11
02|Produto 928|418.68
02|Assinatura 713|122.95
02|Produto 795|259.65
02|Item 920|298.47
02|Licença 359|112.58
01|NFC|19-0004|1149.74
02|Serviço 965|402.63
02|Peça 525|44.02
02|Licença 610|120.67
02|Serviço 635|292.14
02|Licença 685|41.49
02|Peça 411|248.79
01|CTRC|19-0005|1774.10
02|Pacote 578|111.78
02|Licença 924|86.17
02|Licença 263|195.81
02|Licença 851|173.17
02|Serviço 834|146.34
02|Item 298|281.12
02|Componente 337|342.69
02|Serviço 829|188.59
02|Produto 770|248.43
01|CTRC|19-0006|2423.88
02|Produto 940|420.19
02|Licença 608|342.44
02|Licença 968|91.61
02|Pacote 519|152.83
02|Pacote 592|150.66
02|Licença 528|470.99
02|Serviço 498|409.37
02|Peça 917|323.83
02|Componente 027|61.96
01|NFE|19-0007|2902.02
02|Licença 823|444.59
02|Componente 590|299.55
02|Serviço 110|210.54
02|Licença 720|416.38
02|Assinatura 382|408.52
02|Assinatura 878|340.87
02|Produto 933|103.95
02|Assinatura 638|248.88
02|Licença 153|428.74
01|CTRC|19-0008|1947.66
02|Pacote 645|441.23
02|Pacote 544|166.97
02|Assinatura 098|245.18
02|Licença 222|43.51
02|Assinatura 514|402.78
02|Serviço 277|407.06
02|Componente 625|213.57
02|Serviço 370|27.36
01|NFC|19-0009|1730.61
02|Assinatura 861|172.13
02|Licença 409|240.55
02|Assinatura 509|65.62
02|Serviço 142|17.23
02|Item 059|47.51
02|Assinatura 774|360.66
02|Assinatura 218|127.59
02|Pacote 760|225.75
02|Componente 400|473.57
01|CTRC|19-0010|1600.89
02|Assinatura 302|266.18
02|Pacote 529|377.48
02|Produto 403|384.24
02|Componente 891|139.91
02|Assinatura 117|433.08
00|84.047.800/8398-80|Empresa Versao2 20 LTDA|(38) 95186-1546
01|NFC|20-0001|1769.00
02|Licença 233|67.77
02|Componente 310|198.24
02|Peça 097|313.43
02|Componente 311|12.11
02|Licença 786|459.31
02|Assinatura 438|380.91
02|Produto 028|77.11
02|Produto 921|260.12
01|NFS|20-0002|1381.41
02|Pacote 997|53.35
02|Componente 573|194.89
02|Serviço 295|143.86
02|Assinatura 791|199.07
02|Pacote 665|330.95
02|Pacote 063|149.13
02|Pacote 203|88.47
02|Item 770|125.50
02|Item 932|96.19
01|NFS|20-0003|1438.41
02|Produto 252|270.49
02|Peça 154|338.79
02|Produto 861|379.92
02|Licença 909|82.61
02|Item 445|170.22
02|Item 146|196.38
01|NFE|20-0004|1391.27
02|Componente 049|250.37
02|Peça 793|50.66
02|Assinatura 065|16.26
02|Componente 461|485.96
02|Pacote 862|493.15
02|Assinatura 377|94.87
01|NF|20-0005|2425.39
02|Componente 025|406.07
02|Serviço 441|41.13
02|Item 736|494.52
02|Item 045|455.11
02|Assinatura 150|470.38
02|Assinatura 456|74.91
02|Peça 997|483.27
01|CTRC|20-0006|2242.01
02|Pacote 151|325.40
02|Item 117|164.00
02|Assinatura 347|389.06
02|Serviço 569|457.69
02|Produto 424|423.17
02|Assinatura 717|74.02
02|Pacote 322|267.01
02|Item 362|13.64
02|Produto 713|128.02
01|NFS|20-0007|2083.75
02|Serviço 219|410.51
02|Item 475|273.69
02|Peça 407|191.66
02|Produto 836|42.87
02|Componente 328|275.15
02|Item 472|319.98
02|Item 989|172.78
02|Componente 213|397.11
01|NF|20-0008|2441.33
02|Item 505|122.48
02|Peça 873|128.44
02|Peça 005|386.22
02|Item 366|497.51
02|Item 521|100.64
02|Licença 560|123.07
02|Assinatura 543|183.21
02|Assinatura 460|218.44
02|Licença 991|362.30
02|Peça 063|319.02
01|NFS|20-0009|1653.01
02|Componente 352|66.58
02|Produto 083|158.39
02|Peça 292|299.96
02|Assinatura 412|50.40
02|Item 731|116.34
02|Pacote 836|474.79
02|Licença 404|486.55
01|CTRC|20-0010|2581.44
02|Peça 524|201.06
02|Pacote 988|202.26
02|Serviço 437|218.83
02|Serviço 227|323.23
02|Componente 077|340.42
02|Item 423|89.09
02|Pacote 393|390.85
02|Serviço 621|381.54
02|Item 407|434.16
