00|97.164.236/8824-57|Empresa Ficticia 01 LTDA|(27) 93695-3642
01|NF|01-0001|2185.45
02|Componente 178|302.89
02|Peça 549|364.78
02|Item 244|180.54
02|Serviço 092|341.61
02|Licença 235|248.96
02|Peça 569|136.05
02|Item 994|162.84
02|Serviço 334|447.78
01|NF|01-0002|2292.98
02|Assinatura 087|344.35
02|Produto 429|277.33
02|Assinatura 962|275.47
02|Componente 954|285.65
02|Serviço 389|17.58
02|Produto 386|207.04
02|Produto 249|429.23
02|Peça 938|418.71
02|Peça 668|37.62
01|NFE|01-0003|986.65
02|Licença 041|52.60
02|Produto 571|63.65
02|Assinatura 638|368.87
02|Licença 561|202.91
02|Item 317|118.12
02|Serviço 916|180.50
01|NF|01-0004|833.80
02|Peça 756|32.14
02|Pacote 970|16.87
02|Licença 578|277.43
02|Serviço 703|230.73
02|Serviço 851|200.89
02|Pacote 873|75.74
01|CTRC|01-0005|2662.51
02|Assinatura 158|438.01
02|Componente 476|434.94
02|Item 346|405.53
02|Componente 715|338.61
02|Produto 092|74.07
02|Componente 406|435.84
02|Pacote 883|36.95
02|Componente 210|369.73
02|Item 408|58.36
02|Licença 630|70.47
01|NFC|01-0006|1612.24
02|Assinatura 172|108.71
02|Pacote 707|181.41
02|Serviço 982|107.36
02|Assinatura 172|361.23
02|Assinatura 827|130.61
02|Serviço 724|482.73
02|Pacote 759|28.78
02|Licença 468|73.39
02|Licença 031|138.02
01|NFE|01-0007|2281.05
02|Pacote 727|130.05
02|Serviço 034|250.56
02|Peça 812|297.52
02|Pacote 688|244.17
02|Serviço 173|33.64
02|Pacote 362|378.81
02|Serviço 362|485.43
02|Licença 728|311.74
02|Peça 573|149.13
01|NF|01-0008|1391.68
02|Licença 316|143.37
02|Assinatura 584|40.74
02|Componente 423|405.63
02|Pacote 345|199.35
02|Item 630|288.22
02|Item 554|110.55
02|Serviço 659|45.19
02|Item 468|158.63
01|CTRC|01-0009|2414.35
02|Pacote 544|137.14
02|Pacote 911|342.43
02|Componente 301|99.21
02|Licença 118|241.10
02|Serviço 693|370.93
02|Item 254|244.38
02|Pacote 569|422.54
02|Componente 166|209.64
02|Licença 642|117.09
02|Item 608|229.89
01|NFC|01-0010|1725.62
02|Assinatura 470|192.81
02|Componente 601|321.16
02|Produto 090|280.34
02|Componente 205|253.00
02|Licença 527|181.57
02|Serviço 837|85.87
02|Licença 041|165.87
02|Pacote 850|39.82
02|Licença 296|205.18
00|99.145.615/9580-95|Empresa Ficticia 02 LTDA|(84) 93654-8698
01|NFE|02-0001|3347.83
02|Assinatura 421|344.29
02|Pacote 451|406.22
02|Produto 877|441.47
02|Assinatura 572|117.96
02|Item 845|258.29
02|Pacote 408|355.08
02|Peça 095|464.47
02|Assinatura 193|363.21
02|Componente 535|471.39
02|Produto 134|125.45
01|NFC|02-0002|2659.24
02|Peça 809|491.78
02|Pacote 841|140.53
02|Assinatura 336|401.73
02|Assinatura 426|311.34
02|Item 267|171.74
02|Assinatura 393|252.67
02|Assinatura 079|104.57
02|Peça 750|346.77
02|Item 280|130.22
02|Assinatura 590|307.89
01|NFS|02-0003|1819.97
02|Pacote 880|424.05
02|Produto 727|198.73
02|Componente 649|84.79
02|Item 170|121.76
02|Produto 009|413.54
02|Peça 974|80.66
02|Peça 972|99.03
02|Item 857|397.41
01|NFS|02-0004|2016.59
02|Licença 529|232.50
02|Assinatura 068|497.63
02|Pacote 467|29.81
02|Produto 233|234.37
02|Produto 814|388.00
02|Peça 470|489.55
02|Produto 070|144.73
01|CTRC|02-0005|2194.21
02|Serviço 720|239.08
02|Pacote 523|387.70
02|Licença 438|343.75
02|Produto 758|351.82
02|Item 446|434.08
02|Serviço 806|437.78
01|NFS|02-0006|2623.80
02|Serviço 706|185.32
02|Peça 874|36.01
02|Item 553|421.95
02|Assinatura 593|357.72
02|Produto 175|209.20
02|Assinatura 001|240.63
02|Licença 664|450.25
02|Item 733|241.51
02|Item 743|481.21
01|NFC|02-0007|2362.45
02|Peça 050|276.21
02|Assinatura 494|382.19
02|Serviço 008|13.75
02|Produto 577|201.79
02|Item 702|446.68
02|Produto 153|61.06
02|Componente 031|476.91
02|Peça 219|170.75
02|Assinatura 185|333.11
01|CTRC|02-0008|2081.76
02|Pacote 673|371.64
02|Componente 205|368.45
02|Pacote 876|466.77
02|Pacote 277|338.41
02|Item 425|219.90
02|Serviço 388|316.59
01|NFC|02-0009|1024.89
02|Serviço 908|66.95
02|Licença 304|482.49
02|Serviço 815|273.55
02|Serviço 386|87.22
02|Pacote 449|114.68
01|NFC|02-0010|1537.10
02|Componente 753|20.16
02|Produto 185|181.85
02|Item 426|221.73
02|Componente 290|146.34
02|Serviço 302|161.88
02|Produto 075|327.21
02|Componente 350|347.37
02|Assinatura 541|130.56
00|38.376.219/8668-13|Empresa Ficticia 03 LTDA|(42) 98845-3833
01|NF|03-0001|1183.12
02|Item 996|36.38
02|Peça 854|48.40
02|Assinatura 980|293.39
02|Serviço 230|368.62
02|Assinatura 544|58.41
02|Produto 001|58.76
02|Produto 642|302.64
02|Pacote 994|16.52
01|NF|03-0002|1334.66
02|Assinatura 963|65.59
02|Licença 299|190.41
02|Licença 530|337.91
02|Pacote 965|194.45
02|Item 224|125.07
02|Peça 601|421.23
01|NF|03-0003|931.67
02|Serviço 511|220.52
02|Assinatura 737|140.39
02|Assinatura 507|251.65
02|Produto 387|26.85
02|Componente 208|292.26
01|CTRC|03-0004|1549.19
02|Peça 812|212.26
02|Assinatura 550|402.56
02|Licença 281|270.59
02|Licença 466|341.95
02|Peça 715|246.20
02|Assinatura 756|75.63
01|NF|03-0005|1265.74
02|Pacote 374|41.04
02|Componente 325|28.75
02|Assinatura 978|432.93
02|Produto 175|369.89
02|Licença 953|393.13
01|NF|03-0006|2630.22
02|Componente 369|87.09
02|Serviço 593|318.40
02|Assinatura 645|101.41
02|Item 677|330.25
02|Produto 938|446.00
02|Item 069|254.77
02|Licença 956|17.04
02|Peça 252|324.54
02|Pacote 862|405.32
02|Componente 493|345.40
01|NF|03-0007|1955.27
02|Item 072|234.78
02|Assinatura 347|335.93
02|Pacote 883|398.30
02|Peça 628|208.68
02|Assinatura 998|492.59
02|Item 325|124.56
02|Assinatura 543|160.43
01|NFS|03-0008|2925.50
02|Pacote 564|439.76
02|Item 545|486.20
02|Assinatura 129|196.17
02|Pacote 934|407.90
02|Item 932|390.13
02|Assinatura 297|39.20
02|Item 281|475.84
02|Assinatura 259|490.30
01|NFS|03-0009|1615.95
02|Serviço 157|374.85
02|Serviço 672|145.13
02|Serviço 047|273.57
02|Serviço 611|368.27
02|Peça 043|89.54
02|Licença 569|364.59
01|NF|03-0010|2583.67
02|Componente 048|204.55
02|Componente 708|14.68
02|Componente 869|489.19
02|Assinatura 454|292.68
02|Licença 910|176.39
02|Produto 597|343.79
02|Produto 116|380.23
02|Item 065|174.86
02|Item 087|488.25
02|Pacote 544|19.05
00|62.235.085/8432-57|Empresa Ficticia 04 LTDA|(95) 95898-7114
01|NFC|04-0001|1313.95
02|Serviço 801|88.10
02|Serviço 653|75.15
02|Licença 972|265.04
02|Serviço 363|205.24
02|Serviço 863|422.39
02|Assinatura 322|50.40
02|Peça 071|11.69
02|Serviço 888|17.53
02|Produto 881|178.41
01|NFC|04-0002|3385.22
02|Componente 958|446.01
02|Pacote 128|295.22
02|Assinatura 338|430.65
02|Serviço 704|144.21
02|Produto 730|446.61
02|Serviço 843|462.96
02|Assinatura 738|90.72
02|Serviço 238|430.80
02|Assinatura 189|286.19
02|Item 737|351.85
01|NFE|04-0003|1301.70
02|Componente 568|10.94
02|Serviço 643|173.03
02|Peça 978|200.94
02|Pacote 783|417.62
02|Assinatura 033|79.50
02|Componente 271|285.52
02|Assinatura 544|134.15
01|NFS|04-0004|770.50
02|Serviço 889|43.98
02|Serviço 712|93.35
02|Assinatura 901|145.19
02|Peça 508|99.67
02|Peça 946|367.86
02|Peça 156|20.45
01|NF|04-0005|2227.06
02|Componente 116|256.81
02|Item 975|207.25
02|Produto 664|333.59
02|Pacote 093|249.38
02|Serviço 439|174.67
02|Assinatura 669|53.33
02|Licença 115|471.02
02|Assinatura 326|38.24
02|Item 040|245.86
02|Item 994|196.91
01|NF|04-0006|2165.18
02|Produto 043|122.46
02|Assinatura 641|242.64
02|Peça 788|368.71
02|Serviço 962|173.76
02|Pacote 103|485.52
02|Licença 996|239.31
02|Produto 757|400.45
02|Assinatura 148|132.33
01|NF|04-0007|1950.90
02|Produto 633|399.82
02|Peça 545|436.79
02|Assinatura 204|220.76
02|Componente 092|415.17
02|Componente 618|478.36
01|NFS|04-0008|2115.95
02|Licença 493|406.66
02|Peça 616|464.28
02|Pacote 498|160.22
02|Produto 681|145.75
02|Licença 915|299.73
02|Pacote 223|169.00
02|Componente 553|166.96
02|Produto 377|303.35
01|NFC|04-0009|2160.73
02|Item 178|206.20
02|Componente 223|261.29
02|Componente 344|333.09
02|Peça 996|189.83
02|Item 564|276.90
02|Peça 439|457.52
02|Assinatura 159|123.97
02|Peça 567|42.59
02|Assinatura 959|242.35
02|Item 414|26.99
01|NFC|04-0010|2270.94
02|Licença 383|410.03
02|Componente 707|62.67
02|Produto 940|294.79
02|Assinatura 342|314.83
02|Serviço 227|368.86
02|Componente 266|116.05
02|Item 860|140.11
02|Pacote 060|243.46
02|Licença 693|308.44
02|Item 607|11.70
00|64.737.780/5740-43|Empresa Ficticia 05 LTDA|(72) 97821-7322
01|NFE|05-0001|2685.83
02|Serviço 846|335.92
02|Componente 016|90.92
02|Componente 252|395.39
02|Pacote 008|335.00
02|Assinatura 238|33.30
02|Componente 926|261.91
02|Pacote 071|334.88
02|Licença 754|456.98
02|Licença 185|189.43
02|Componente 879|252.10
01|CTRC|05-0002|1415.71
02|Pacote 682|44.48
02|Serviço 164|47.86
02|Produto 988|16.98
02|Item 779|212.88
02|Assinatura 109|194.35
02|Licença 900|336.22
02|Produto 337|237.95
02|Item 463|76.98
02|Assinatura 776|84.37
02|Peça 108|163.64
01|NFC|05-0003|2843.87
02|Item 280|107.21
02|Componente 951|444.11
02|Assinatura 763|332.80
02|Assinatura 144|349.62
02|Item 093|40.25
02|Licença 331|487.60
02|Peça 228|153.38
02|Assinatura 096|218.81
02|Pacote 759|490.74
02|Licença 131|219.35
01|NF|05-0004|1465.14
02|Serviço 637|350.97
02|Pacote 939|341.39
02|Produto 803|203.64
02|Pacote 548|344.12
02|Pacote 399|225.02
01|CTRC|05-0005|1702.02
02|Item 489|193.95
02|Produto 809|465.60
02|Produto 084|52.13
02|Licença 887|324.65
02|Item 195|373.76
02|Componente 573|15.78
02|Pacote 382|183.52
02|Serviço 036|92.63
01|NF|05-0006|1128.46
02|Pacote 749|27.44
02|Pacote 548|367.95
02|Assinatura 623|39.35
02|Assinatura 112|378.14
02|Item 869|315.58
01|NFS|05-0007|1449.22
02|Componente 069|31.90
02|Produto 311|103.20
02|Componente 278|80.47
02|Item 951|369.82
02|Item 457|210.56
02|Item 149|372.24
02|Produto 510|281.03
01|NFE|05-0008|1749.35
02|Peça 458|66.63
02|Serviço 191|445.58
02|Serviço 894|388.26
02|Item 670|102.71
02|Componente 270|277.80
02|Pacote 074|147.86
02|Licença 425|192.16
02|Licença 587|36.54
02|Assinatura 841|91.81
01|NFS|05-0009|1586.12
02|Produto 677|309.30
02|Licença 535|288.41
02|Licença 893|239.56
02|Pacote 750|79.52
02|Item 747|341.17
02|Serviço 659|328.16
01|NF|05-0010|1189.78
02|Assinatura 170|78.62
02|Produto 325|473.35
02|Item 858|179.03
02|Licença 756|164.15
02|Assinatura 620|294.63
00|02.583.161/8142-81|Empresa Ficticia 06 LTDA|(22) 95190-6128
01|NFC|06-0001|2402.21
02|Produto 960|423.86
02|Assinatura 073|58.80
02|Componente 436|52.87
02|Componente 807|396.96
02|Pacote 945|380.28
02|Peça 574|59.21
02|Serviço 286|462.13
02|Pacote 119|108.12
02|Assinatura 792|459.98
01|NFS|06-0002|2335.68
02|Licença 822|442.18
02|Componente 714|57.78
02|Licença 906|228.02
02|Item 092|422.77
02|Pacote 552|304.32
02|Produto 803|357.11
02|Assinatura 619|391.25
02|Pacote 081|72.59
02|Licença 013|59.66
01|NFE|06-0003|1327.01
02|Serviço 997|487.82
02|Item 533|127.56
02|Licença 929|113.42
02|Peça 650|276.83
02|Componente 716|321.38
01|NFC|06-0004|1503.49
02|Componente 445|489.75
02|Serviço 468|479.96
02|Licença 295|444.62
02|Serviço 705|36.25
02|Assinatura 969|52.91
01|NFC|06-0005|1444.69
02|Produto 477|79.51
02|Assinatura 299|268.33
02|Serviço 954|261.10
02|Peça 810|10.77
02|Item 513|333.34
02|Serviço 257|325.68
02|Produto 211|165.96
01|NF|06-0006|2208.72
02|Peça 683|298.86
02|Pacote 905|252.57
02|Produto 180|32.96
02|Produto 462|16.78
02|Serviço 865|108.62
02|Licença 789|211.54
02|Licença 004|391.64
02|Assinatura 028|489.51
02|Produto 207|406.24
01|NF|06-0007|1930.72
02|Licença 334|472.44
02|Licença 711|295.68
02|Pacote 580|68.55
02|Assinatura 333|225.82
02|Produto 431|251.31
02|Pacote 269|166.86
02|Serviço 752|450.06
01|NFE|06-0008|1205.25
02|Peça 547|202.67
02|Produto 195|56.13
02|Peça 132|154.85
02|Pacote 086|211.28
02|Licença 513|252.76
02|Serviço 867|146.40
02|Serviço 071|80.36
02|Serviço 706|100.80
01|NFE|06-0009|2267.18
02|Serviço 833|186.37
02|Item 023|367.83
02|Assinatura 498|282.98
02|Serviço 338|323.11
02|Componente 238|226.27
02|Componente 741|461.11
02|Pacote 000|419.51
01|NFE|06-0010|2563.71
02|Item 494|304.22
02|Componente 765|294.93
02|Peça 117|84.84
02|Pacote 608|480.06
02|Produto 632|107.24
02|Produto 097|423.31
02|Pacote 599|147.23
02|Licença 167|401.00
02|Serviço 579|320.88
00|92.092.775/4497-06|Empresa Ficticia 07 LTDA|(22) 90374-4329
01|CTRC|07-0001|1949.36
02|Licença 593|473.04
02|Componente 174|225.74
02|Licença 275|66.24
02|Item 037|407.78
02|Componente 190|74.99
02|Peça 720|163.39
02|Item 172|236.26
02|Componente 578|197.66
02|Pacote 787|104.26
01|NF|07-0002|2676.20
02|Serviço 141|213.72
02|Item 087|157.53
02|Produto 543|254.46
02|Item 492|260.86
02|Serviço 146|499.11
02|Peça 877|74.88
02|Licença 149|387.63
02|Assinatura 471|436.76
02|Assinatura 483|391.25
01|NF|07-0003|1480.09
02|Pacote 968|195.81
02|Item 070|291.89
02|Assinatura 345|152.83
02|Peça 160|234.55
02|Licença 270|26.51
02|Serviço 621|21.98
02|Pacote 795|244.56
02|Assinatura 579|23.77
02|Pacote 557|288.19
01|NF|07-0004|2470.95
02|Pacote 639|263.97
02|Assinatura 036|402.84
02|Assinatura 488|48.52
02|Componente 354|379.33
02|Assinatura 648|195.24
02|Assinatura 954|143.01
02|Componente 820|137.88
02|Licença 750|456.18
02|Assinatura 430|191.17
02|Serviço 263|252.81
01|NFS|07-0005|1574.57
02|Pacote 319|300.85
02|Produto 874|219.33
02|Licença 812|288.99
02|Assinatura 470|202.20
02|Produto 997|433.41
02|Serviço 534|129.79
01|NFC|07-0006|894.30
02|Produto 685|115.70
02|Assinatura 504|184.65
02|Produto 090|186.92
02|Componente 889|65.06
02|Assinatura 980|112.64
02|Produto 477|229.33
01|NFC|07-0007|889.36
02|Item 943|158.95
02|Pacote 125|119.21
02|Peça 582|318.87
02|Pacote 316|219.88
02|Licença 037|26.96
02|Peça 689|45.49
01|CTRC|07-0008|2163.47
02|Licença 079|468.64
02|Serviço 861|32.03
02|Licença 054|497.24
02|Licença 216|91.85
02|Item 520|243.39
02|Produto 558|289.41
02|Pacote 185|366.89
02|Produto 837|174.02
01|NFC|07-0009|1149.01
02|Produto 686|240.53
02|Componente 800|133.98
02|Componente 515|493.71
02|Assinatura 170|10.23
02|Serviço 135|270.56
01|NFC|07-0010|1920.71
02|Item 747|46.51
02|Assinatura 975|106.49
02|Peça 481|243.12
02|Serviço 114|325.68
02|Componente 337|301.92
02|Componente 503|321.86
02|Item 588|188.14
02|Pacote 062|138.80
02|Serviço 472|171.46
02|Assinatura 766|76.73
00|02.202.069/7573-37|Empresa Ficticia 08 LTDA|(33) 92537-4369
01|NF|08-0001|2581.50
02|Serviço 069|344.94
02|Pacote 659|208.46
02|Serviço 001|74.82
02|Produto 366|230.58
02|Peça 769|427.14
02|Licença 129|75.64
02|Peça 272|367.53
02|Peça 368|481.65
02|Pacote 244|370.74
01|NFC|08-0002|2660.74
02|Peça 938|127.74
02|Item 036|467.47
02|Assinatura 563|37.11
02|Pacote 867|348.04
02|Componente 427|360.01
02|Item 230|105.39
02|Item 978|336.66
02|Pacote 544|392.90
02|Produto 621|485.42
01|NF|08-0003|1743.09
02|Serviço 094|336.38
02|Assinatura 733|246.87
02|Peça 550|139.19
02|Item 494|250.01
02|Produto 790|210.41
02|Peça 974|327.26
02|Produto 100|232.97
01|CTRC|08-0004|1389.85
02|Licença 619|400.13
02|Peça 425|124.29
02|Assinatura 049|362.97
02|Pacote 897|232.75
02|Pacote 280|269.71
01|CTRC|08-0005|1502.87
02|Serviço 503|201.46
02|Licença 053|97.50
02|Item 658|68.20
02|Item 173|305.16
02|Assinatura 215|223.23
02|Componente 473|80.57
02|Pacote 957|62.55
02|Serviço 323|464.20
01|CTRC|08-0006|1662.35
02|Peça 214|484.20
02|Licença 291|285.73
02|Peça 579|144.31
02|Produto 852|319.00
02|Item 216|81.40
02|Assinatura 136|16.18
02|Assinatura 448|198.13
02|Serviço 948|133.40
01|CTRC|08-0007|1991.94
02|Serviço 024|484.58
02|Pacote 235|362.42
02|Componente 199|367.57
02|Peça 130|456.14
02|Serviço 854|321.23
01|CTRC|08-0008|2868.16
02|Peça 722|58.91
02|Produto 331|89.72
02|Componente 928|421.56
02|Assinatura 617|362.15
02|Licença 561|368.29
02|Componente 233|59.70
02|Item 339|310.52
02|Pacote 877|393.43
02|Licença 691|355.91
02|Licença 847|447.97
01|NF|08-0009|3512.90
02|Produto 796|321.64
02|Serviço 692|399.58
02|Serviço 423|434.23
02|Licença 860|264.27
02|Componente 986|472.61
02|Produto 575|366.62
02|Peça 225|40.68
02|Pacote 110|436.34
02|Assinatura 802|281.78
02|Componente 122|495.15
01|NFC|08-0010|2303.51
02|Assinatura 621|339.30
02|Componente 484|426.65
02|Serviço 017|225.91
02|Componente 759|224.16
02|Peça 055|52.91
02|Pacote 267|299.06
02|Assinatura 708|498.73
02|Item 253|141.93
02|Licença 032|94.86
00|85.426.515/0008-20|Empresa Ficticia 09 LTDA|(43) 96816-2591
01|NFE|09-0001|2237.38
02|Licença 803|425.53
02|Item 021|471.22
02|Serviço 100|214.02
02|Item 476|335.32
02|Componente 553|156.45
02|Serviço 323|449.47
02|Assinatura 816|83.64
02|Item 348|101.73
01|NFC|09-0002|1347.41
02|Item 400|69.16
02|Serviço 016|422.50
02|Pacote 768|151.73
02|Assinatura 164|12.72
02|Item 956|336.83
02|Serviço 536|94.44
02|Licença 252|260.03
01|NFE|09-0003|291.06
02|Assinatura 808|23.51
02|Item 301|37.34
02|Produto 777|89.48
02|Peça 379|21.94
02|Item 222|86.77
02|Assinatura 610|32.02
01|NF|09-0004|1587.81
02|Serviço 928|100.58
02|Produto 176|416.21
02|Pacote 712|265.86
02|Peça 243|120.81
02|Componente 755|452.46
02|Assinatura 547|231.89
01|NFC|09-0005|2440.90
02|Componente 739|342.88
02|Item 110|379.48
02|Item 292|62.63
02|Produto 798|39.00
02|Item 433|31.52
02|Serviço 736|243.17
02|Licença 131|461.63
02|Serviço 395|308.05
02|Pacote 628|426.91
02|Pacote 011|145.63
01|CTRC|09-0006|1938.14
02|Peça 347|481.06
02|Serviço 938|274.91
02|Peça 010|205.49
02|Item 600|223.25
02|Produto 750|274.66
02|Componente 766|316.09
02|Serviço 798|162.68
01|CTRC|09-0007|2905.92
02|Componente 566|278.42
02|Assinatura 886|104.68
02|Produto 384|271.24
02|Serviço 700|360.52
02|Item 145|413.80
02|Licença 332|359.87
02|Licença 100|22.18
02|Licença 100|471.50
02|Item 779|371.97
02|Pacote 349|251.74
01|NFS|09-0008|1643.11
02|Item 048|320.39
02|Peça 385|169.69
02|Licença 450|129.16
02|Licença 225|365.35
02|Serviço 560|436.10
02|Item 601|132.35
02|Peça 164|90.07
01|NF|09-0009|2709.76
02|Pacote 445|449.01
02|Peça 473|45.20
02|Item 721|140.32
02|Componente 969|240.41
02|Peça 116|391.03
02|Componente 964|441.90
02|Serviço 830|443.57
02|Peça 809|123.43
02|Pacote 236|434.89
01|NF|09-0010|2078.86
02|Componente 931|444.90
02|Peça 153|113.51
02|Produto 699|229.66
02|Licença 251|281.24
02|Componente 922|315.35
02|Assinatura 102|27.66
02|Assinatura 597|396.64
02|Item 166|269.90
00|53.647.879/2550-77|Empresa Ficticia 10 LTDA|(67) 91793-8798
01|NF|10-0001|1323.05
02|Peça 623|438.57
02|Assinatura 274|197.17
02|Assinatura 444|145.39
02|Componente 871|467.71
02|Item 112|74.21
01|CTRC|10-0002|2017.72
02|Produto 734|110.75
02|Licença 727|184.64
02|Serviço 245|371.08
02|Produto 069|250.43
02|Item 778|85.69
02|Serviço 558|268.37
02|Serviço 484|360.27
02|Licença 837|156.48
02|Peça 078|104.08
02|Assinatura 622|125.93
01|NF|10-0003|1295.50
02|Componente 332|437.22
02|Item 820|242.51
02|Item 899|89.65
02|Licença 065|129.23
02|Licença 123|396.89
01|NFE|10-0004|2405.22
02|Pacote 231|116.21
02|Serviço 825|166.61
02|Peça 676|310.00
02|Produto 357|48.83
02|Componente 880|369.84
02|Componente 722|320.43
02|Licença 741|79.56
02|Licença 102|475.77
02|Componente 085|395.10
02|Pacote 877|122.87
01|NFC|10-0005|1916.11
02|Componente 815|263.84
02|Licença 017|173.84
02|Item 816|469.43
02|Pacote 644|250.67
02|Assinatura 346|371.21
02|Pacote 255|97.05
02|Licença 834|290.07
01|CTRC|10-0006|1856.68
02|Item 690|384.78
02|Serviço 603|385.14
02|Serviço 138|370.24
02|Licença 682|323.95
02|Peça 280|392.57
01|CTRC|10-0007|1367.05
02|Item 131|141.58
02|Assinatura 951|167.91
02|Serviço 231|336.94
02|Assinatura 207|215.70
02|Produto 142|86.17
02|Peça 010|247.89
02|Licença 282|170.86
01|NF|10-0008|824.52
02|Assinatura 230|82.11
02|Assinatura 455|46.61
02|Peça 277|90.35
02|Pacote 789|379.91
02|Pacote 144|206.15
02|Pacote 378|19.39
01|NFC|10-0009|1731.94
02|Produto 022|175.73
02|Assinatura 872|200.77
02|Licença 275|357.69
02|Licença 969|349.77
02|Peça 703|244.46
02|Item 825|403.52
01|NF|10-0010|1232.78
02|Item 243|164.14
02|Componente 724|280.95
02|Item 885|287.66
02|Peça 548|94.18
02|Serviço 932|405.85
00|83.086.437/5680-71|Empresa Ficticia 11 LTDA|(39) 99650-7019
01|NFE|11-0001|1281.20
02|Peça 194|334.36
02|Componente 635|272.86
02|Item 185|425.66
02|Assinatura 975|194.99
02|Pacote 537|53.33
01|NFS|11-0002|1275.11
02|Componente 957|232.66
02|Assinatura 207|125.22
02|Serviço 052|53.06
02|Item 370|189.59
02|Produto 106|325.87
02|Produto 913|348.71
01|NF|11-0003|1611.47
02|Assinatura 577|49.77
02|Licença 918|142.67
02|Serviço 118|71.67
02|Componente 046|394.89
02|Serviço 774|166.40
02|Componente 286|257.37
02|Componente 220|123.83
02|Componente 506|223.49
02|Assinatura 608|181.38
01|CTRC|11-0004|2590.66
02|Peça 428|137.04
02|Componente 396|459.55
02|Assinatura 695|222.35
02|Pacote 195|38.55
02|Peça 738|473.53
02|Item 120|491.61
02|Componente 673|133.55
02|Assinatura 834|491.60
02|Assinatura 863|142.88
01|NFS|11-0005|3502.18
02|Item 676|217.68
02|Pacote 714|493.50
02|Produto 450|227.01
02|Componente 473|66.07
02|Item 994|499.06
02|Item 923|445.53
02|Licença 797|467.04
02|Produto 931|281.03
02|Licença 707|434.72
02|Produto 287|370.54
01|NF|11-0006|2657.88
02|Item 995|222.75
02|Pacote 088|498.35
02|Produto 193|450.16
02|Serviço 690|401.50
02|Componente 553|188.04
02|Componente 709|384.50
02|Peça 166|205.17
02|Assinatura 574|178.56
02|Produto 701|128.85
01|CTRC|11-0007|1997.34
02|Assinatura 341|411.05
02|Produto 503|301.18
02|Serviço 815|274.72
02|Item 551|292.65
02|Serviço 592|387.46
02|Componente 656|330.28
01|CTRC|11-0008|3066.85
02|Produto 638|247.59
02|Licença 145|470.69
02|Serviço 685|171.12
02|Item 169|430.02
02|Pacote 733|345.06
02|Serviço 165|407.71
02|Componente 940|231.12
02|Item 294|262.09
02|Produto 066|307.17
02|Serviço 976|194.28
01|NFS|11-0009|1592.35
02|Licença 459|109.33
02|Item 790|432.99
02|Pacote 720|355.28
02|Produto 326|285.53
02|Componente 678|409.22
01|NFS|11-0010|2115.56
02|Pacote 102|141.55
02|Serviço 297|46.58
02|Assinatura 231|114.01
02|Assinatura 620|163.55
02|Peça 301|476.76
02|Pacote 723|214.27
02|Item 782|400.26
02|Pacote 562|139.82
02|Licença 512|418.76
00|80.240.371/0724-89|Empresa Ficticia 12 LTDA|(43) 98233-2700
01|NF|12-0001|1264.74
02|Produto 277|367.23
02|Item 334|279.60
02|Licença 500|72.22
02|Componente 878|16.78
02|Item 983|192.34
02|Assinatura 197|336.57
01|NFS|12-0002|1424.09
02|Assinatura 775|391.80
02|Licença 464|223.98
02|Licença 927|154.05
02|Peça 737|312.29
02|Pacote 073|341.97
01|NF|12-0003|1780.09
02|Pacote 601|273.56
02|Assinatura 587|280.49
02|Produto 732|487.86
02|Peça 515|241.03
02|Item 361|497.15
01|NFC|12-0004|2346.67
02|Produto 474|69.00
02|Componente 506|344.89
02|Licença 147|389.61
02|Licença 381|267.38
02|Assinatura 222|434.20
02|Licença 914|77.40
02|Assinatura 724|296.41
02|Item 655|298.11
02|Serviço 414|169.67
01|NFC|12-0005|2084.75
02|Peça 094|466.43
02|Serviço 917|35.40
02|Assinatura 759|395.02
02|Peça 382|183.04
02|Peça 423|316.73
02|Produto 848|240.21
02|Pacote 162|447.92
01|NF|12-0006|2424.25
02|Peça 988|267.84
02|Peça 615|96.46
02|Peça 030|277.02
02|Item 328|180.89
02|Pacote 664|183.12
02|Item 138|465.94
02|Produto 347|498.39
02|Produto 032|454.59
01|NF|12-0007|1961.34
02|Componente 417|480.43
02|Licença 068|327.79
02|Pacote 945|460.00
02|Componente 444|480.96
02|Assinatura 319|212.16
01|NFC|12-0008|2290.69
02|Licença 744|180.80
02|Peça 097|467.74
02|Componente 705|474.31
02|Assinatura 001|182.57
02|Pacote 722|110.73
02|Licença 513|71.57
02|Peça 342|322.15
02|Licença 547|480.82
01|NF|12-0009|1566.03
02|Pacote 636|56.92
02|Pacote 030|381.65
02|Licença 409|180.81
02|Serviço 038|446.64
02|Serviço 291|72.39
02|Serviço 817|427.62
01|NFS|12-0010|1464.25
02|Pacote 163|200.30
02|Assinatura 880|216.88
02|Produto 376|479.64
02|Serviço 993|367.32
02|Produto 469|88.28
02|Pacote 670|111.83
00|49.075.230/7334-16|Empresa Ficticia 13 LTDA|(81) 97809-2039
01|NFC|13-0001|3650.71
02|Pacote 431|267.86
02|Peça 328|281.90
02|Item 663|215.14
02|Assinatura 407|229.55
02|Peça 074|489.42
02|Peça 107|321.86
02|Pacote 640|497.70
02|Item 590|486.20
02|Peça 309|374.79
02|Pacote 225|486.29
01|NFE|13-0002|1130.93
02|Item 238|211.75
02|Pacote 470|74.88
02|Produto 677|137.19
02|Item 936|237.97
02|Assinatura 742|469.14
01|NFC|13-0003|1377.89
02|Componente 504|24.78
02|Serviço 491|393.25
02|Serviço 016|10.36
02|Pacote 039|481.77
02|Item 734|467.73
01|CTRC|13-0004|1587.17
02|Produto 592|462.63
02|Item 522|481.51
02|Assinatura 690|486.36
02|Produto 377|55.60
02|Licença 569|101.07
01|CTRC|13-0005|1772.48
02|Serviço 491|80.60
02|Item 665|227.84
02|Pacote 765|418.19
02|Produto 144|201.40
02|Licença 352|292.38
02|Peça 924|18.43
02|Serviço 747|153.33
02|Produto 522|380.31
01|NFE|13-0006|1649.40
02|Componente 018|23.24
02|Serviço 965|374.89
02|Produto 287|261.08
02|Componente 315|499.33
02|Assinatura 275|490.86
01|NFS|13-0007|1968.19
02|Peça 252|165.67
02|Licença 925|304.71
02|Produto 580|277.82
02|Licença 964|183.04
02|Licença 396|74.48
02|Produto 959|30.90
02|Assinatura 529|256.69
02|Produto 858|345.71
02|Produto 268|329.17
01|NFC|13-0008|2999.73
02|Pacote 406|283.10
02|Pacote 537|471.94
02|Licença 891|427.31
02|Pacote 161|408.64
02|Serviço 796|174.27
02|Produto 105|49.12
02|Serviço 630|288.87
02|Produto 293|449.13
02|Produto 400|447.35
01|NFE|13-0009|1541.19
02|Pacote 764|479.61
02|Licença 410|261.40
02|Serviço 568|16.57
02|Peça 380|54.19
02|Assinatura 014|316.72
02|Licença 286|412.70
01|NFE|13-0010|2114.63
02|Produto 214|205.53
02|Produto 786|459.97
02|Serviço 240|49.92
02|Assinatura 482|437.19
02|Produto 346|473.39
02|Licença 343|488.63
00|63.740.364/8087-08|Empresa Ficticia 14 LTDA|(15) 95862-2846
01|NFC|14-0001|2553.73
02|Item 389|419.31
02|Assinatura 066|365.68
02|Serviço 694|305.84
02|Assinatura 242|362.25
02|Licença 972|302.38
02|Produto 625|191.34
02|Produto 825|345.32
02|Componente 903|261.61
01|NF|14-0002|1315.40
02|Pacote 741|90.24
02|Componente 581|278.53
02|Assinatura 097|127.32
02|Assinatura 478|472.39
02|Serviço 403|346.92
01|NFC|14-0003|1249.46
02|Serviço 718|58.98
02|Pacote 259|345.65
02|Serviço 796|307.16
02|Item 670|197.80
02|Licença 425|192.48
02|Assinatura 825|147.39
01|NF|14-0004|1992.31
02|Peça 553|90.79
02|Peça 549|307.21
02|Assinatura 213|176.04
02|Componente 688|355.77
02|Assinatura 853|191.45
02|Licença 079|364.69
02|Pacote 436|50.28
02|Peça 375|456.08
01|NF|14-0005|1252.35
02|Peça 470|25.05
02|Pacote 141|222.91
02|Peça 090|270.52
02|Produto 008|382.64
02|Licença 195|351.23
01|CTRC|14-0006|2028.91
02|Pacote 569|117.91
02|Item 376|151.63
02|Assinatura 973|468.98
02|Produto 663|150.95
02|Item 816|278.69
02|Item 714|367.88
02|Pacote 846|492.87
01|NF|14-0007|2209.98
02|Item 068|349.41
02|Assinatura 039|45.32
02|Item 859|419.14
02|Assinatura 297|399.75
02|Pacote 634|70.36
02|Componente 059|435.36
02|Componente 487|490.64
01|NFC|14-0008|2019.28
02|Produto 636|92.11
02|Assinatura 685|90.71
02|Item 288|235.33
02|Peça 794|308.58
02|Produto 589|356.41
02|Item 182|233.12
02|Peça 048|172.92
02|Serviço 995|128.24
02|Produto 716|401.86
01|NFE|14-0009|2082.73
02|Licença 182|300.43
02|Serviço 242|292.28
02|Peça 650|230.21
02|Licença 043|57.12
02|Licença 186|28.84
02|Assinatura 498|499.56
02|Item 586|233.64
02|Item 136|231.62
02|Pacote 252|209.03
01|NFC|14-0010|2217.75
02|Item 690|366.00
02|Licença 917|447.90
02|Componente 263|46.33
02|Peça 782|242.31
02|Licença 885|289.07
02|Assinatura 337|105.17
02|Pacote 835|334.81
02|Produto 471|195.28
02|Pacote 324|54.97
02|Licença 148|135.91
00|65.050.167/1205-51|Empresa Ficticia 15 LTDA|(80) 96670-7529
01|NFE|15-0001|1448.52
02|Licença 058|261.24
02|Assinatura 962|67.60
02|Serviço 719|300.70
02|Licença 252|475.79
02|Licença 345|108.61
02|Item 195|10.23
02|Licença 659|224.35
01|NFE|15-0002|2202.90
02|Assinatura 440|217.79
02|Produto 913|309.87
02|Componente 903|319.28
02|Peça 281|65.37
02|Serviço 019|224.87
02|Licença 152|327.49
02|Componente 709|12.79
02|Componente 525|395.26
02|Peça 011|330.18
01|NFE|15-0003|1699.89
02|Pacote 232|480.47
02|Licença 674|247.23
02|Licença 428|50.13
02|Produto 796|103.54
02|Assinatura 710|27.30
02|Assinatura 675|93.21
02|Licença 537|291.76
02|Assinatura 226|263.15
02|Produto 466|64.51
02|Produto 483|78.59
01|NFS|15-0004|2155.77
02|Componente 132|233.82
02|Peça 682|169.31
02|Pacote 555|184.46
02|Item 943|375.42
02|Pacote 689|301.37
02|Componente 086|73.15
02|Licença 561|406.94
02|Peça 001|411.30
01|NFE|15-0005|1844.35
02|Assinatura 885|380.25
02|Item 314|153.07
02|Peça 328|287.06
02|Peça 473|111.66
02|Componente 231|22.69
02|Serviço 762|419.47
02|Produto 811|470.15
01|CTRC|15-0006|1352.01
02|Pacote 104|140.50
02|Assinatura 345|215.48
02|Componente 676|282.58
02|Licença 289|272.70
02|Licença 807|177.25
02|Item 828|174.86
02|Item 763|88.64
01|CTRC|15-0007|2007.97
02|Componente 336|227.46
02|Produto 965|185.23
02|Licença 804|187.58
02|Serviço 210|218.82
02|Serviço 747|125.12
02|Serviço 560|101.39
02|Item 242|484.54
02|Assinatura 060|162.83
02|Item 290|315.00
01|NFC|15-0008|979.34
02|Produto 586|236.34
02|Pacote 989|53.55
02|Item 542|85.74
02|Pacote 698|52.35
02|Peça 402|148.81
02|Item 522|402.55
01|NF|15-0009|1666.61
02|Pacote 222|107.34
02|Pacote 174|116.30
02|Item 202|139.95
02|Pacote 555|141.97
02|Peça 880|190.55
02|Assinatura 597|162.85
02|Pacote 110|310.64
02|Assinatura 521|497.01
01|NFE|15-0010|1588.61
02|Componente 295|52.54
02|Produto 987|213.71
02|Produto 648|458.16
02|Pacote 385|487.01
02|Licença 617|377.19
00|92.866.125/7440-48|Empresa Ficticia 16 LTDA|(65) 92850-9777
01|NFS|16-0001|2627.76
02|Pacote 214|334.49
02|Pacote 359|315.20
02|Item 511|137.26
02|Serviço 980|303.80
02|Item 223|220.41
02|Componente 565|158.42
02|Assinatura 811|187.13
02|Assinatura 461|427.57
02|Licença 056|137.59
02|Licença 541|405.89
01|NFS|16-0002|2116.80
02|Peça 675|395.80
02|Componente 144|107.02
02|Peça 114|302.31
02|Assinatura 179|151.41
02|Peça 452|454.02
02|Peça 865|265.47
02|Produto 065|440.77
01|NF|16-0003|2289.16
02|Serviço 765|121.05
02|Licença 830|330.76
02|Componente 634|75.64
02|Serviço 000|211.73
02|Item 978|423.70
02|Peça 209|171.67
02|Item 433|466.34
02|Pacote 306|108.19
02|Componente 201|380.08
01|NFE|16-0004|1678.52
02|Serviço 279|134.05
02|Peça 121|471.92
02|Componente 796|87.34
02|Peça 007|253.55
02|Assinatura 135|347.41
02|Pacote 463|310.07
02|Produto 099|74.18
01|CTRC|16-0005|2244.96
02|Licença 961|356.14
02|Item 741|434.86
02|Serviço 477|251.99
02|Serviço 001|74.96
02|Componente 484|210.56
02|Serviço 226|92.28
02|Peça 296|160.65
02|Componente 261|147.30
02|Licença 170|32.95
02|Produto 010|483.27
01|NFE|16-0006|1838.02
02|Componente 745|224.04
02|Serviço 999|280.47
02|Componente 027|361.35
02|Serviço 268|442.26
02|Pacote 091|199.11
02|Componente 401|134.51
02|Item 237|196.28
01|NFE|16-0007|1341.92
02|Componente 326|280.32
02|Item 284|103.26
02|Produto 202|117.70
02|Componente 139|125.25
02|Serviço 119|244.70
02|Componente 015|470.69
01|NFE|16-0008|1917.47
02|Pacote 824|353.94
02|Serviço 357|330.74
02|Produto 098|104.74
02|Produto 688|151.24
02|Assinatura 386|15.49
02|Item 031|313.34
02|Serviço 312|215.62
02|Item 674|406.62
02|Componente 217|25.74
01|NFE|16-0009|1422.06
02|Peça 676|138.21
02|Peça 985|197.21
02|Licença 957|40.67
02|Licença 766|88.72
02|Assinatura 988|477.84
02|Licença 715|244.53
02|Item 057|234.88
01|NFE|16-0010|2542.26
02|Pacote 954|429.10
02|Pacote 165|493.18
02|Item 014|205.60
02|Produto 691|352.53
02|Produto 913|300.71
02|Item 817|471.86
02|Pacote 053|289.28
00|59.143.659/9525-00|Empresa Ficticia 17 LTDA|(36) 96469-1939
01|NF|17-0001|2064.76
02|Serviço 761|337.67
02|Serviço 061|135.55
02|Assinatura 188|150.50
02|Assinatura 271|359.77
02|Serviço 944|85.67
02|Componente 070|472.69
02|Assinatura 030|365.61
02|Licença 978|157.30
01|NFE|17-0002|1222.42
02|Pacote 717|364.11
02|Peça 809|292.81
02|Assinatura 372|151.73
02|Peça 008|98.64
02|Componente 924|139.95
02|Componente 491|175.18
01|NFS|17-0003|1941.21
02|Pacote 698|281.09
02|Licença 822|330.81
02|Item 336|354.85
02|Componente 261|422.35
02|Produto 666|259.35
02|Licença 854|61.08
02|Peça 455|68.50
02|Produto 134|163.18
01|NFS|17-0004|2190.63
02|Componente 762|295.17
02|Licença 431|466.38
02|Produto 401|346.53
02|Peça 680|313.08
02|Peça 120|46.16
02|Licença 258|217.06
02|Pacote 871|347.60
02|Licença 855|158.65
01|CTRC|17-0005|2698.01
02|Produto 578|126.67
02|Assinatura 209|418.74
02|Assinatura 106|407.94
02|Peça 482|204.22
02|Componente 431|427.14
02|Produto 685|186.66
02|Pacote 310|187.15
02|Pacote 710|214.99
02|Pacote 285|44.25
02|Assinatura 039|480.25
01|NF|17-0006|1304.68
02|Serviço 655|147.96
02|Serviço 330|63.61
02|Assinatura 054|127.30
02|Item 519|53.29
02|Pacote 442|487.62
02|Licença 435|53.46
02|Assinatura 112|116.85
02|Licença 229|254.59
01|NFS|17-0007|1890.24
02|Serviço 111|323.50
02|Componente 786|214.06
02|Serviço 243|77.09
02|Licença 540|188.34
02|Serviço 407|320.21
02|Assinatura 028|452.92
02|Serviço 525|314.12
01|NF|17-0008|3225.79
02|Licença 789|427.72
02|Serviço 069|440.11
02|Produto 001|125.54
02|Peça 862|181.46
02|Serviço 302|232.07
02|Componente 563|499.02
02|Assinatura 121|145.12
02|Assinatura 938|439.42
02|Assinatura 175|413.92
02|Peça 156|321.41
01|NF|17-0009|2510.46
02|Produto 576|204.72
02|Pacote 031|406.95
02|Produto 870|338.51
02|Licença 261|20.09
02|Produto 685|498.54
02|Peça 514|446.76
02|Peça 684|211.42
02|Peça 032|75.00
02|Licença 782|308.47
01|NF|17-0010|2069.17
02|Assinatura 277|226.98
02|Produto 400|175.02
02|Item 959|460.24
02|Licença 862|224.75
02|Licença 576|104.82
02|Peça 785|489.86
02|Item 852|387.50
00|89.236.943/3587-47|Empresa Ficticia 18 LTDA|(20) 93611-7174
01|NFC|18-0001|2351.27
02|Componente 972|229.56
02|Assinatura 204|480.06
02|Componente 991|270.67
02|Serviço 261|71.27
02|Peça 218|412.88
02|Componente 442|391.61
02|Pacote 691|65.01
02|Componente 185|430.21
01|NFS|18-0002|1446.90
02|Item 527|72.65
02|Licença 744|195.03
02|Licença 243|145.88
02|Produto 510|494.46
02|Item 362|239.27
02|Componente 920|205.87
02|Assinatura 994|93.74
01|CTRC|18-0003|1608.63
02|Item 713|169.61
02|Pacote 935|378.49
02|Componente 302|238.86
02|Serviço 147|391.70
02|Assinatura 766|85.51
02|Serviço 728|70.34
02|Componente 469|73.53
02|Peça 706|200.59
01|NFC|18-0004|1060.72
02|Peça 855|434.63
02|Produto 678|198.65
02|Licença 845|163.47
02|Licença 597|29.53
02|Componente 547|234.44
01|NFE|18-0005|1817.71
02|Item 720|52.45
02|Pacote 520|385.51
02|Licença 391|476.21
02|Produto 698|56.53
02|Item 460|254.73
02|Componente 891|460.76
02|Peça 611|86.55
02|Pacote 667|44.97
01|NFE|18-0006|1334.57
02|Serviço 961|191.76
02|Pacote 561|157.20
02|Assinatura 870|388.84
02|Pacote 474|204.22
02|Licença 687|392.55
01|NFS|18-0007|2187.91
02|Pacote 977|86.40
02|Serviço 464|443.72
02|Componente 590|203.86
02|Assinatura 108|398.01
02|Peça 720|407.77
02|Assinatura 298|465.69
02|Licença 993|182.46
01|NFE|18-0008|920.77
02|Pacote 219|460.18
02|Produto 613|43.92
02|Peça 214|36.72
02|Pacote 947|13.57
02|Produto 375|366.38
01|CTRC|18-0009|1619.15
02|Assinatura 254|153.54
02|Componente 564|186.15
02|Pacote 442|105.13
02|Componente 589|242.15
02|Assinatura 620|446.10
02|Serviço 134|486.08
01|NFS|18-0010|2837.32
02|Assinatura 142|390.47
02|Serviço 831|479.63
02|Pacote 914|411.02
02|Assinatura 125|47.70
02|Produto 723|112.00
02|Pacote 287|427.57
02|Componente 319|85.17
02|Licença 252|272.62
02|Componente 033|146.37
02|Produto 274|464.77
00|60.555.129/9687-63|Empresa Ficticia 19 LTDA|(09) 98307-2898
01|NF|19-0001|2529.00
02|Componente 422|470.27
02|Item 547|394.14
02|Produto 198|236.25
02|Produto 502|67.30
02|Peça 068|288.96
02|Peça 734|480.20
02|Item 710|81.55
02|Serviço 083|456.20
02|Item 104|33.68
02|Pacote 092|20.45
01|NFE|19-0002|1062.51
02|Componente 250|86.62
02|Pacote 560|284.18
02|Licença 269|214.15
02|Assinatura 841|38.89
02|Assinatura 135|362.02
02|Componente 291|49.33
02|Item 333|27.32
01|NFE|19-0003|2009.37
02|Licença 423|196.38
02|Componente 594|467.96
02|Licença 238|77.65
02|Assinatura 679|152.67
02|Assinatura 002|436.97
02|Produto 179|244.16
02|Item 328|377.39
02|Serviço 708|56.19
01|NFS|19-0004|2536.05
02|Serviço 348|75.39
02|Componente 289|478.01
02|Peça 365|342.46
02|Serviço 002|188.10
02|Pacote 297|167.66
02|Componente 920|319.00
02|Componente 188|450.87
02|Item 789|84.41
02|Produto 777|430.15
01|CTRC|19-0005|1999.36
02|Serviço 049|319.89
02|Peça 698|239.08
02|Componente 969|484.92
02|Licença 829|287.35
02|Pacote 681|415.84
02|Assinatura 576|252.28
01|CTRC|19-0006|1407.39
02|Pacote 671|354.77
02|Licença 731|432.83
02|Item 270|308.35
02|Peça 863|39.89
02|Pacote 940|77.28
02|Pacote 613|194.27
01|NF|19-0007|1448.65
02|Pacote 817|306.63
02|Licença 810|362.49
02|Assinatura 988|158.05
02|Peça 735|261.11
02|Pacote 000|360.37
01|NFC|19-0008|2934.79
02|Peça 429|435.62
02|Pacote 614|476.38
02|Item 562|450.60
02|Produto 678|227.33
02|Produto 122|339.11
02|Licença 209|145.71
02|Serviço 978|88.99
02|Licença 343|116.56
02|Assinatura 842|282.72
02|Produto 030|371.77
01|NFS|19-0009|2176.91
02|Item 710|216.99
02|Item 217|42.27
02|Serviço 166|31.19
02|Licença 629|497.99
02|Assinatura 057|225.31
02|Serviço 992|143.69
02|Item 806|375.02
02|Componente 492|188.60
02|Produto 684|455.85
01|CTRC|19-0010|2676.54
02|Pacote 750|272.38
02|Item 755|177.52
02|Componente 029|234.87
02|Assinatura 213|103.65
02|Peça 737|275.33
02|Item 709|381.72
02|Item 838|350.39
02|Componente 409|486.75
02|Assinatura 919|101.40
02|Pacote 364|292.53
00|48.035.497/4470-61|Empresa Ficticia 20 LTDA|(66) 96378-7928
01|NF|20-0001|1652.05
02|Pacote 021|28.78
02|Serviço 316|174.79
02|Produto 825|127.81
02|Item 206|423.02
02|Pacote 958|426.04
02|Peça 407|471.61
01|NFC|20-0002|1539.18
02|Componente 826|12.49
02|Item 719|46.95
02|Pacote 152|90.63
02|Produto 479|458.18
02|Produto 304|158.05
02|Serviço 597|353.92
02|Item 179|344.55
02|Licença 578|74.41
01|NF|20-0003|2561.08
02|Componente 394|265.39
02|Assinatura 217|59.65
02|Peça 306|243.47
02|Serviço 777|371.10
02|Licença 115|250.18
02|Produto 720|481.90
02|Item 579|289.65
02|Licença 781|476.50
02|Item 064|123.24
01|NFC|20-0004|2714.39
02|Produto 482|201.32
02|Item 653|265.68
02|Licença 619|372.67
02|Serviço 138|262.88
02|Produto 651|305.80
02|Item 079|59.31
02|Serviço 844|87.30
02|Licença 348|468.77
02|Licença 603|341.34
02|Serviço 909|349.32
01|NFE|20-0005|1177.30
02|Produto 016|384.44
02|Assinatura 969|156.38
02|Serviço 988|268.99
02|Serviço 086|152.89
02|Produto 920|214.60
01|NFE|20-0006|1737.55
02|Produto 963|39.78
02|Peça 874|236.63
02|Assinatura 289|486.59
02|Produto 134|81.13
02|Item 834|119.08
02|Componente 558|265.69
02|Licença 326|109.12
02|Serviço 760|399.53
01|CTRC|20-0007|2709.91
02|Item 932|413.23
02|Produto 790|404.28
02|Componente 517|476.82
02|Pacote 426|69.17
02|Licença 768|267.64
02|Peça 732|115.23
02|Serviço 878|458.33
02|Componente 110|118.77
02|Assinatura 498|386.44
01|CTRC|20-0008|1737.99
02|Item 543|198.18
02|Componente 419|405.40
02|Produto 103|293.42
02|Produto 339|75.58
02|Produto 386|106.72
02|Peça 354|459.19
02|Assinatura 927|199.50
01|NFE|20-0009|1162.81
02|Serviço 687|44.50
02|Assinatura 604|70.99
02|Pacote 383|112.45
02|Produto 476|114.60
02|Assinatura 002|86.58
02|Pacote 581|391.73
02|Pacote 136|273.91
02|Produto 935|68.05
01|CTRC|20-0010|3148.47
02|Produto 865|218.21
02|Componente 508|317.37
02|Produto 024|202.87
02|Item 178|436.35
02|Componente 874|404.80
02|Peça 249|413.12
02|Assinatura 349|383.24
02|Pacote 066|24.28
02|Assinatura 082|477.41
02|Componente 673|270.82
09|00|0
09|01|220
09|02|1518
99|1738
